Sales
113.67
290.666
309.6
1314.45
634.116
246.48
704.55
457.568
376.509
362.25
162.84
351.75
238.929
196.74
63.552
48.45
567.6
67.608
20.112
1037.7096
1029.375
2001.86
482.48
214.3791
22.2
1888.236
622.86
463.44
29.268
1503.744
922.86
270.378
253.3635
85.02
44.128
473.61
348.36
185.568
87.9
388.608
677.4
323.46
98.592
94.128
68.704
31.68
2807.84
909.72
674.058
1181.016
219.78
491
103.38
583.8
220.08
117.66
45.84
58.2
55.0128
28.48
9.82
8.128
1052.31
692.328
729.48
334.3035
266.496
34.02
775.278
776.466
682.4478
257.742
177.68
2754
246.48
155.7
287.58
476.763
1252.584
413.3943
1502.784
1160.784
286.32
126.348
100.92
73.32
48.366
22.632
29.1
275.4
911.04
847.872
142.623
90.3
43.767
4.788
922.95
2076.606
1236.465
249.84
541.44
307.395
486.36
578.64
213.3
220.968
174.33
352.59
70.71
97.56
18.063
1262.061
607.92
593.46
103.92
178.08
199.584
89.34
38.466
32.52
22.734
22.23
40.152
883.92
281.82
349.2
239.84
644.88
60.72
58.36
39.96
18.96
666.84
211.1805
854.49
159.444
68.868
1095.66
751.872
302.45
626.352
491.76
113.28
57.168
588.6
23.82
50.7
97.264
855.15
1353.6
972.648
986.202
515.88
61.544
15.87
2605.392
646.38
509.4
365.91
218.75
195.408
387
329.76
262.86
160.992
437.67
1526.5
1567.62
258.279
242.1
143.432
122.352
31.776
2544.372
1200.312
880.95
410.352
745.686
375.84
244.2069
945.036
168.6825
181.17
89.504
25.2
990.468
219.834
362.5047
63.3
50.31
1648.44
38.26
52.86
512.76
507.276
657.84
5.47
2833.76
1112.697
111.6
27.46
75.78
12.18
353.568
56.96
13.96
21.6
102.576
1455.12
728.64
1758.12
735.12
141.45
141.474
143.79
589.41
879.6
859.04
349.6986
292.68
37.8
38.144
1380.9
1046.25
1035.72
331.02
248.85
130.08
141.44
573.728
135.882
171.153
137.84
118.656
35.34
459.39
48.78
59.4
8.028
676.368
116.25
297.84
311.04
139.032
127.869
78.99
991.44
28.692
213.216
324.06
19.52
50.4
36.9234
1133.35
391.86
489.23
340.144
112.16
555.516
1076.004
31.984
51.84
40.26
850.95
58.374
45.576
909
750.864
149.9
273.568
48.87
78.99
20.04
744
367.2
324.45
990.45
324.45
653.55
154.764
91.71
33.11
381.96
91.96
187.88
424.35
435.99
387.36
252
91.08
151.38
14.088
1266.03
991.764
883.71
64.89
478.48
174.6
180.396
90.018
18.93
514.188
282.948
319.842
160.704
2472.66
149.34
41.88
7.02
3694.68
2147.6
822.42
538.56
207.36
575.88
424.71
124.41
203.14
63.84
258
94.3
148.014
1234.278
275.49
345.6
214.95
136.256
180.252
142.83
23.976
10.776
2573.82
155.358
26.43
481.568
436.704
48.712
121.59
731.424
235.344
8.96
872.32
414.27
194.25
381.76
506.43
268.935
349.068
205.524
144.06
126.819
172.3
190.89
1855.68
172.186
69.008
24.156
37.86
821.88
429.9
200.795
161.96
109.95
57.69
42.368
518.4
740.46
411.75
333.9
270.144
144.2
220.2
95.2
129.92
63.84
124.62
77.24
17.46
1822.08
1743.96
830.7
683.144
214.2
417.456
56.628
97.56
75.72
85.752
42.384
723.72
2596.293
595.92
312.228
370.53
155.7
107.73
168.512
2478.6
986.904
76.728
58.17
331.02
2855.16
1330.29
100.8
1215.92
172.11
99.592
63.84
533.799
454.71
585.552
288.684
170.352
146.736
5.715
502.488
213.84
63.882
365.22
150.48
155.456
265.74
327.76
121.376
53.88
56.73
2134.44
1142.64
1121.688
1111.725
975.92
322.44
1740.06
546.944
966.7
649.593
172.764
853.5
123.06
75.78
87.06
394.704
769.176
173.94
61.28
85.02
2226.816
743.904
415.44
852.813
603.92
688.32
344.16
188.192
257.094
84.12
123.8664
87.966
79.44
34.182
39.88
618.56
406.704
268.812
266.832
367.56
202.776
136.566
14.56
102.546
1015.9848
169.92
158.8845
128.334
61.536
1441.3
596.16
1706.184
259.146
110.88
37.4
34.064
48.86
133.392
119.833
49.296
102.78
457.14
469.233
215.46
207.84
52.86
48.93
785.88
1369.2
731.472
296.34
285.66
197.92
137.136
204.93
60.672
148.5
87.6
37.98
17.472
1858.68
969.36
523.602
222.666
145.35
187.839
56.52
780.608
428.274
1280.08
874.02
194.796
214.65
271.3554
270.594
26.43
363.39
967.98
821.52
304.71
780.3
201.48
51.75
1097.28
200.76
74.49
349.965
256.784
92.421
85.02
23.91
314.0046
541.188
325.98
331.02
796.32
1487.04
414.33
254.9
121.59
87.9
122.352
290.7
110.04
46.872
53.55
724.8
248.22
131.64
563.94
318.2
206.4
53.2
39.88
304.56
671.892
397.71
318.3
350.07
338.352
192.3
1384.29
451.6
267.984
187.5735
141.57
156.96
77.715
51.94
12.078
155
44.46
8.32
256.95
1212.96
302.454
196.74
66.112
2056.05
231.72
74.2
68.8
17.1
600.84
854.94
124.11
478.332
139.14
95.22
12.35
127.95
433.568
63.47
44.46
20.16
8.92
780.6912
797.944
603.92
521.96
343.74
89.04
112.648
78.44
23.968
10.984
134.622
551.61
290.1
9.94
1256.22
681.72
332.94
60.89
3272.01
43.95
1451.4
308.499
65.784
627.276
700.056
481.6098
273.9729
232.2
34.79
258
101.0904
26.76
10.704
1057.8
698.352
512.358
123.136
115.86
63
52.812
618.24
327.402
85.44
143.37
127.71
64.488
3785.292
731.34
681.72
339.48
439.92
246.9
58.2
40.56
1104.72
515.904
73.782
1660.8
507.84
629.064
297.3
67.9932
25.128
3610.848
1112.778
764.688
492.4215
148.17
254.9745
168.81
223.12
73.536
43.31
18.9
12.54
9.24
192.88
69.5544
1227.9984
506.6
45.432
59.736
384.912
51.9
170.88
63.552
48.78
1969.596
303.96
343.02
342.672
100.44
339.48
218.844
176.268
173.94
112.584
67.616
315.936
38.112
1062.36
712.2
1004.976
257.25
131.85
765.639
352.536
135.45
124.36
60.74
43.254
3547.44
1852.875
148.968
286.299
217.2375
106.08
52.74
914.28
327.564
459.918
301.96
259.7
108.66
205.164
97.56
36.126
22.8
1913.4
2003.92
2676.672
650.97
316.8492
6.688
627.1722
452.45
178.248
985.11
256.392
122.892
146.76
47.19
1239.462
583.47
259.146
787.53
131.301
164.46
851.67
51.9
607.824
435.45
71.4378
36.684
779.58
434.16
356.4
133.65
43.86
52.9
408.422
382.116
340.38
159.84
40.152
5759.964
1106.46
277.5
183.42
74.49
100.5
249.264
110.98
193.05
98.88
79.8
154.278
250.68
1719.807
741.888
391.36
730.44
120.08
102.9
51.264
196.2
30.02
34.176
11.032
2621.322
586.08
640.74
1292.1
2070.9
1038.84
467.32
985.248
512.499
145.836
930
109.764
32.208
94.65
100.44
48.78
96.96
30.348
1352.3976
116.22
50.25
80.832
39.156
54.351
25.344
136.92
28.4
90.882
73.536
251.55
1073.024
311.184
102.192
38.62
20.208
14.994
844.116
665.88
483.552
351.84
44.856
907.011
269.82
279.3375
126.96
168.464
282.888
70.98
2619
259.05
371.79
414.72
269.028
361.557
139.68
166.12
27.018
39.285
2076.48
670.14
496.44
173.94
238.152
166.12
1195.56
124.064
129.568
1567.62
147.712
140.448
463.563
120.666
103.2
276.192
40.14
35.49
1448.82
336.08
182.61
195.93
42.6
4099.68
985.824
615.24
1409.04
615.24
680.76
575.6634
359.499
859.05
292.64
207.432
75.78
78.48
77.952
45.468
50.4
2.96
192.22
37.8
35.1
3076.5
381.76
7.044
108.4
230.48
45.216
22.288
26.8
826.56
182.688
196.74
264.735
292.34
41.544
35.28
329.94
33.64
150.255
1718.1
1024.38
165.51
206.4
274.8
274.32
101.52
2756.34
837
915.1155
392.94
64.944
50.4
489.12
198.2
729.48
1495.35
364.41
128.52
384.174
361.764
200.64
43.89
36.4
28.44
25.08
136.152
434.4
48.78
101.04
61.584
23.48
2756.943
409.239
607.36
383.607
852.498
99.372
67.176
119.133
33.568
4.712
892.224
472.992
547.136
352.45
7.584
1214.72
1522.638
177.824
151.98
75.216
85.608
10.566
257.952
62.3712
86.4174
130.95
4.928
4.928
1284.822
14.76
794.3562
750.06
411.332
221.346
293.199
199.12
67.96
444.312
33.72
6.16
591.3
1847.34
121.05
291.168
66.294
78.4917
74.772
343.83
267.36
655.776
155.08
343.83
598.32
640.332
176.144
159.12
207
180.12
84.2274
187.848
132.108
86.256
60.552
151.038
37.8
1869.72
365.76
168.3
263.7
295.424
97.424
138.16
164.646
44.46
819.936
1236.33
2737.98
1268.82
283.92
156.744
44.34
993.615
435.26
468.44
354.72
530.25
445.2
101.04
99.696
657.006
403.83
293.112
351.68
973.35
122.432
63.52
78.048
40.14
84.02
518.4
352.404
301.96
189.576
353.22
155.82
226.32
170.352
258.12
160.5366
13.96
330.64
336.06
369.1992
148.92
69.516
75.36
65.82
48.93
15.96
25.23
1111.725
1252.48
486.324
1487.16
294.896
394.956
271.764
133.76
238.448
58.83
191.82
85.98
62.496
30.168
504
36.768
8.904
823.5801
193.245
364.92
206.112
70.686
113.92
32.52
1402.29
179.208
271.39
651.06
434.04
232.44
461.484
1079.568
438.84
68.076
1847.52
225.72
197.4942
540.288
244.006
31.74
20.7
490.32
339.6
438.84
439.344
50.16
92.304
10.092
252.48
82.23
1534.96
340.38
212.94
791.1
582.12
382.9
2367.954
333.963
198.612
481.176
366.84
225.612
136.736
47.516
69.84
66.208
27.414
697.5
715.2
285.696
190.72
207.24
494.91
292.64
136.14
219.51
65.16
100.32
64.96
457.14
355.38
171.42
283.92
130.59
79.92
2092.752
465
373.08
860.93
281.82
512.94
69.0945
141.192
1490.685
1145.28
485
617.1
398.52
123.96
143.616
79.44
127.764
8.352
1367.4
497.6556
426.36
283.14
583.872
228.744
173.208
86.88
1977.72
135.09
144.784
110.1
25.2
242.4
132.57
21.36
567.486
486.09
945.828
145.9
72.78
64.7364
1821.6
4404.9
1571.724
754.05
577.764
884.52
418.6
186.54
311.58
145.356
159.354
63.87
227.7
58.7
18.06
66.69
23.48
4.712
11.82
338.7
1022.04
87.72
50.52
203.92
40.784
788.9256
132.72
190.92
146.9052
541.184
369.912
37.92
20.724
44.451
33.648
44.112
911.358
291.792
249.885
834.624
286.092
106.542
461.43
355.36
366.21
216.3
159.03
439.2
76.16
181.96
156.624
75.519
34.824
28.04
1251.936
670.14
687.4
622.45
94.5
382.806
47.04
10.02
6.16
1200.888
297.96
621.18
786.2868
389.97
176.202
131.64
182.61
1024.38
156.24
235.024
204.384
118.752
194.4
167.34
94.8
63.87
690.48
1321.92
1018.104
206.3475
196.2
406.2888
123.24
49.296
138.429
73.224
527.31
548.505
49.848
691.4706
497.64
769.65
454.24
50.01
2266.1475
398.52
932.992
364.74
76.92
1685.16
451.6
463.68
467.1576
1001.1366
44.802
1860
870.24
677.6352
361.96
449.793
723.72
179.886
180.12
143.79
106.68
97.56
36.882
159.444
235.3086
362.136
393.504
266.544
133.272
70.56
2012.049
102.9
139.572
440.28
29.22
28.188
21.16
801.96
1085.58
387.18
542.94
141.288
191.96
242.838
3637.602
688.32
123.48
93.45
381.84
398.52
662.2
392.4
163.44
54.528
67.36
401.04
191.968
343.656
185.376
268.812
341.46
1123.92
826.56
325.8
356.562
183.42
140.192
77.526
44.52
137.16
56.196
35.616
48.672
29.16
1053.405
289.8
342.54
906.24
341.488
199.836
147.712
77.535
25.344
94.128
738.36
66.69
60.39
94.8
133.344
46.152
253.02
305.408
210.68
195.76
163.32
96.95
43.86
24.64
45.216
8.92
957.5775
657.84
637.749
319.984
446.24
19.056
10.116
769.176
350.48
212.592
347.88
364.95
333.42
173.2
136.584
105.96
100.54
52.416
48.42
54.92
50.4
69.576
1962
161.109
166.56
148.104
94.38
78.6825
7.572
219.96
400.032
35.088
95.418
177.7275
30.88
6.408
342.72
132.256
171.87
298.62
108.15
37.752
170.04
21.968
437.481
855.36
391.14
362.85
244.14
155.916
473.84
96.42
43.296
1181.547
97.56
383.607
264.816
95.28
7.76
249.84
459.918
428.544
170.28
85.46
78.354
47.88
899.136
626.352
362.4
438.15
209.67
163.68
42.66
32.04
22.056
1246.48
504.12
856.35
1027.152
822.42
824.22
523.92
150.606
146.136
106.488
87.06
74.4
422.73
1175.58
454.5
154.224
348.928
200.64
166.5
39.22
1358.28
2189.52
1362.06
246.12
23.4
15.507
266.94
305.472
306.32
303.858
201.123
370.575
642.96
383.13
116.34
140.2
375.4098
327.996
103.36
1242.585
803.52
503.664
111.888
43.95
87.72
31.74
22.608
680.848
793.206
825.216
119.568
180.12
191.079
29.76
32.064
1266.86
674.55
163.36
96.9
1512
1850.445
366.84
863.128
441.9
272.94
175.77
509.22
123.93
101.208
137.88
115.728
131.868
92.448
143.16
404.73
437.34
934.86
523.92
89.04
37.82
1403.92
551.61
735.48
990.15
492.835
470.7624
660.288
159.732
368.97
293.52
94.02
54.64
389.97
1637.01
1567.44
234.816
173.94
217.32
460.2
73.784
18.69
836.592
329.103
50.28
370.53
1317.492
517.347
444.72
90.558
7.04
370.62
93.114
21.144
1235.25
679.671
258
134.514
101.4
77.04
75.44
27.696
235.116
340.86
663.8766
142.76
103.8
195.72
109.98
19.312
533.61
215.46
1467.36
148.98
242.1
237.072
191.82
73.2336
103.2
92.5275
1292.1
169.092
242.52
173.1
200.544
119.472
330.588
126.51
204.21
219.78
85.59
41.85
53.568
194.848
661.905
445.5
42.51
751.92
530.145
480.1356
366.009
248.43
172.5
220.56
85.246
31.96
111.15
36.144
16.74
17.31
7.044
110.34
1592.85
372.897
866.4
205.9038
62.0646
1454.9
1098.96
549.48
165.2136
318.3
102.024
16.632
22.17
366.744
200.76
214.14
225.6
214.7
156.624
187.056
71.55
12.56
1548.36
116.34
911.88
132.48
94.38
31.92
64.2546
51.9
50.37
470.772
528.43
146.736
396.4
166.56
265.74
195.184
41.742
93.0969
31.56
136.464
223.452
486.12
171.69
17.61
976.96
472.518
558
493.452
285.6
568.728
215.976
347.88
249.84
113.1975
80.352
84.272
85.68
94.68
39.98
21.3975
77.52
35.55
40.152
204.876
205.632
38.5659
25.356
1704.996
575.16
347.232
963.63
781.864
360.128
485.904
328.608
203.14
130.944
170.34
141.36
72.42
79.212
56.16
20.004
14.52
2841.66
306.992
220.08
681.72
205.104
137.016
10.58
154.143
145.836
153.568
50.472
14.368
1179.2625
1845.72
756.135
892.8
222.24
637.896
563.43
291.78
101.412
56.34
35.28
34.182
211.716
71.12
1731.072
330.5367
100.56
170.34
51.968
139.14
597.36
122.94
128.304
471
297.3
411.4
217.2
96.165
41.52
71.088
44.856
30.288
17.61
24.084
710.76
537.4
314.991
105.72
1181.67
872.13
321.9426
44.64
607.9
881.34
463.68
696.762
201.48
389.16
344.94
303.96
137.136
114.34
251.01
198.744
83.952
15.072
43.884
14.76
2819.52
1121.832
437.67
529.011
915.136
599.292
246.69
523.908
497.64
95.04
165.6516
38.08
70.68
15.6
842.94
706.32
217.584
234.78
470.155
244.56
99.528
122.28
52.65
66.352
47.34
24.1
542.646
581.96
876.3
401.355
268.704
481.248
205.666
259.4274
111.9
303
389.79
400.032
294.57
199.665
213.228
114.78
148.32
29.98
2756.943
1232.352
757.5
265.5
101.376
3709.395
2615.94
2842.83
876.3
239.98
557.728
72.48
225.495
102.9
18.84
1236.33
719.9874
192.84
319.984
289.32
210.64
128.484
137.208
84.256
23.1702
826.2
286.8
329.94
272.28
37.8
82.64
37.8
74.208
419.68
402.96
248.22
434.04
177.225
166.68
144.72
136.784
61.12
71.4
4.044
39.144
11.688
1279.165
1386.63
375.76
25.4
25.4
677.6352
750.195
1484.544
143.16
109.8
8.928
1459.68
804.168
875.016
184.437
59.136
63.94
67.788
120.08
42.6
47.34
24.27
1715.056
1130.832
420.687
239.372
123.34
321.636
145.26
11.568
876.3
1268.784
534.6
459.513
741.852
650.352
553.365
209.88
114.78
100.22
38.29
50.496
104.784
66.112
11.376
618.732
545.04
379.386
891.12
113.79
105.66
59.52
116.31
998.1
789.6
115.38
203.904
313.5204
132.224
109.98
134.91
153.63
82.16
220.185
657.396
259.5
120.042
158.22
175.92
100.008
1685.88
668.34
298.776
71.088
16.72
15.24
657.216
361.557
264.96
735.024
90.5877
70.44
167.44
18.99
228.096
327.3
323.064
416.64
226.92
94.38
20.232
2120.79
651.348
200.04
56.52
22.23
1652.94
659.178
887.271
74.871
94.8
347.802
242.94
82.8
289.26
150.304
100.44
58.248
85.246
21.204
71.246
12.22
863.128
756.8
956.6648
273.96
135.9333
326.72
935.76
113.888
128.22
249.2658
48.612
1951.84
920.88
378.4
681.92
191.82
405.3
731.424
465.24
365.712
65.824
245.04
81.94
143.4
13.4
3.768
2993.025
1091.25
765.855
328.698
174.06
158.472
21.564
23.076
531.18
624.736
514.53
159.12
127.26
115.008
141.9
311.472
145.98
128.628
159.04
46.344
32.96
1240.12
435.0024
162.84
721.008
41.6
54.712
3298.26
466.32
467.43
218.844
168.96
47.52
82.64
60.3
60.576
840.15
786.96
1021.14
136.62
53.01
176.1
95.22
100.74
29.8059
248.22
36.072
722.352
705.72
366.84
392.76
126.5382
175.77
87.3
68.748
16.86
900.072
207.984
235.71
238.56
253.53
175.24
180.72
229.44
152.704
35.568
81.424
26.37
55.136
37.86
45.03
70.434
149.58
30.96
751.488
826.56
1565.88
171.312
657.765
88.032
629.424
340.86
149.82
364.8483
393.9372
241.5
515.088
107.1
2092.5
966.4
478.8
52.38
545.37
334.8222
658.746
507.276
300.9234
330.48
146.79
141.144
97.152
79.744
28.62
11.824
65.136
305.92
779.58
110.1132
442.764
274.32
281.952
324.06
143.97
146.736
94.02
117
63.68
18.936
951.72
1095.8025
1180.095
659.34
601.92
80.32
219.84
108.66
148.92
36.072
972.24
287.968
697.86
230.16
183.756
215.65
286.8
253.372
174.51
165.42
60.288
188.76
657.15
441.855
92.304
333.54
369.72
168.96
46.152
50.52
984.18
2348.4
573.48
555.2442
190.17
264.816
191.96
165.51
25.12
1603.136
549.48
215.055
243.06
188.192
568.608
142.02
44.46
14.82
90.18
727.056
167.94
137.88
15.168
2951.991
91.04
113.6
102.36
16.824
1371.42
354.9
172.62
159.92
388.704
95.984
108.396
24.7
429.48
246.6945
176.1435
222.36
211.96
264.303
17.55
662.88
84.8406
180.36
50.816
113.46
525.78
513.024
348.429
329.22
546.885
53.838
15.192
33.03
12.696
46.536
49.572
2396.2656
696.762
341.46
601.47
73.5402
157.98
404.832
148.014
146.04
83.7894
173.94
42.309
43.13
14.136
773.12
340.86
592.3
705.072
680.76
207.648
394.2
138.4
171.828
182.37
410.346
51.712
87.156
731.94
680.82
261.96
315.75
249.72
255.06
141.9
180.12
33.564
49.296
919.26
701.54
1421.664
729.84
212.04
190.92
680.01
507.6
405.86
297.183
116.289
100.14
212.583
114.78
155.25
751.6299
79.92
24.85
106.1055
96.2505
354.9
580.56
556.665
907.416
110.28
124.14
175.44
87.3
47.856
85.05
50.52
189.36
49.44
1088.235
612.6
830.7
136.8
113.46
1381.32
1682.748
1652.4
335.1465
674.901
469.84
415.2
692.94
225.36
122.352
121.05
84.72
56.34
55.152
101.04
408.006
116.31
104.274
180.12
165.28
30.288
560.916
887.46
84.24
2380.5
1037.19
705.8805
478.17
426.06
205.104
219.75
217.32
70.992
40.56
72.048
42.408
15.008
584.2
369.18
332.832
169.568
135.9333
276.2613
100.48
174.33
109.74
804.768
485.888
1056.86
875.376
435.99
705.72
293.28
1176
1014.741
482.112
422.73
469.962
296.34
220.08
440.16
273.915
121.584
79.974
62.92
56.58
57.168
788.4
816.264
777.87
101.04
54.992
95.364
1973.295
446.4
169.74
308.718
915.68
523.602
267.36
332.96
870.588
247.296
176.784
74.48
34.92
252.06
697.584
601.888
51.68
126.78
58.536
3126.4002
2276.4825
487.88
1227.2
417.42
1335.68
548.9046
1015.68
231.084
127.28
123.66
2888.76
616.572
414.18
627.696
294.18
321.492
256.77
241.056
770.7
300.93
308.259
180.252
131.58
251.008
163.8
85.5414
155.7
947.22
401.976
324.06
190.08
110.28
120.784
197.3985
66.51
90.882
14
23.4
42.0525
782.28
961.8
467.46
953.82
771.282
200.76
338.7
225.6
307.728
171.51
341.96
182.385
148.288
44.34
37.3
9.98
1424.9
414.666
850.95
960.64
158.76
895.18
942.36
321.568
170.19
391.86
93.66
34.92
28.34
18.9
2035.5816
458.976
1091.25
535.05
396.9
122.94
140.952
56.97
40.32
1063.692
244.006
245.88
172.62
76.92
30.336
44.752
510.18
170.7
85.48
902.712
590.22
243.747
242.1
248.7237
274.74
151.929
72.252
170.92
131.84
71.1
85.14
214.14
62.0646
50.4
99.3822
12.544
527.76
731.82
231.72
182.112
532.8
371.3364
245.44
191.61
240.3306
122.13
180.736
54.18
33.648
1091.34
989.04
1219.7
401.04
297.84
205.56
401.76
285.376
275.13
142.688
911.574
654.102
755.73
653.175
147.3
457.812
520.02
339.84
364.74
147.09
73.494
148.65
43.2087
68.31
116.08
26.368
425.91
368.532
46.488
2678.94
451.152
153.04
170.96
100.8
245.646
41.96
47.992
6.96
892.136
363.92
2346.84
403.92
328.59
458.43
686.76
1019.52
326.835
283.68
97.74
195.264
43.8
68.6
14.8
106.92
700.176
360.24
2614.689
205.3328
104.436
61
67.776
29.78
45.184
723.3
962.7345
653.13
291.654
222.021
220.704
275.13
47.52
373.896
85.185
64.96
101.4
71.28
97.824
23.68
391.14
418.6728
290.1312
1044.63
627.9
569.058
435.999
148.17
19.52
14.224
22.23
2070.15
366.84
487.616
168.21
148.512
22.26
36.96
569.568
219.28
100.17
134.91
252.16
97.272
87.792
79.128
94.8
1971.3456
174.12
96.42
510.57
83.34
1808.757
73.52
1079.316
947.22
1242.9
1781.682
657.776
322.44
126.96
135.09
25.83
43.95
47.34
474.43
310.744
141.42
25.35
48.896
766.5246
1156.68
984.18
367.2
127.95
482.664
218.352
102.9
236.52
2803.92
314.352
933.262
299.04
475.86
310.5
18.912
1094.22
1925.88
967.552
815.6286
667.4244
315.87
159.768
163.92
181.008
48.93
79.28
54.96
1838.1
734.4
907.011
661.32
304.384
89.248
44.624
34.2
26.712
35.088
1112.778
1752.6
822.42
668.925
676.485
670.41
163.32
457.14
2452.275
1117.701
852.498
695.88
283.56
390.24
498.26
213.84
171.968
114.9
61.11
105.72
32.664
75.96
1828.35
248.82
390.15
475.2486
880.8
854.784
451.152
267.744
171.27
411.75
110.3103
148.5
269.244
108.608
47.7
2665.62
290.85
1502.976
897.15
317.058
629.64
287.58
398.972
274.8
141.96
330.12
79.12
70.68
45.72
45.15
50.412
7.712
913.43
486.09
401.355
402.48
308.556
130.62
66.96
87.9
306.342
210.58
289.92
86.26
441.96
281.82
322.44
388.608
2291.814
527.868
411.8
168.3
258
267.12
25.11
20.064
129.93
2344
341.46
128.22
207.684
100.44
47.64
22.704
20.16
854.28
656.532
398.56
146.72
141.354
119.64
25.236
22.092
1282.41
2804.58
1173.42
254.526
534.72
215.976
480.03
355.38
511.5
236.528
195.93
269.028
334.53
212.85
193.8
207.36
197.352
387.09
164.32
169.725
45.216
84.84
103.92
11.54
15.072
16.8
483.2
2314.116
1174.56
358.272
705.72
246.84
415.2
312.912
157.74
726.78
217.764
72.608
127.1076
19.76
9.656
11.808
33.48
17.46
10.16
2664
975.92
1380.6
459
286.8
177.96
150.66
226.4
155.372
25.02
217.32
35.104
40.83
7.56
3.312
2673.36
1159.056
1559.16
651.96
906.68
901.908
251.16
401.646
250.2
508.704
153.84
99.696
242.352
701.96
51.651
8.752
1002.9105
327.5802
168.96
116.04
714.15
582.894
273.24
299.052
170.24
190.344
232.848
41.352
22.2
43.53
399.672
173.592
227.8872
170.352
261.84
123.06
108.6
180.98
42.255
458.1564
153.657
41.04
25.472
373.47
32.448
594.27
1105.956
145.1
384.768
58.04
4363.35
241.568
191.2
139.328
165.078
35.168
260.3664
76.48
501.9
545.85
529.32
211.728
333.6
133.44
151.936
102.3
215.148
217.32
129.39
73.944
84.48
23.99
1167.48
1745.34
1327.2
400.788
512.19
673.647
146.28
183.372
187.936
246.12
124.86
88.02
123.96
90.624
82.704
50.58
2927.28
2019.6
1284.822
444.42
224.4
181.764
284.4
201.08
268.812
659.178
90.801
117.288
108.4
309.12
103.5
239.666
26.37
822.96
524.896
332.28
171.288
83.92
52.74
40.32
1673.184
486.368
239.344
586.4
845.424
179.508
464.67
678.7512
193.68
307.136
170.424
124.86
105.552
105.312
137.088
127.68
94.8
41.37
15.992
2125.32
1410.4
521.96
398.61
183.136
429.7293
212.04
209.0136
148.5
192
57.93
1114.854
432.6615
351.84
74.208
450.117
172.08
43.128
23.376
41.568
16.192
15.144
16.72
13.592
380.16
170.28
244.14
107.676
1136.664
307.656
446.148
254.19
260.352
259.248
103.5
238.272
91.424
25.4916
853.65
408.42
99.954
85.44
300.904
116.04
12.048
16.8
646.569
309.12
485
362.733
129
67.08
30.336
31.984
32.208
1944.9
1166.96
583.12
144
585.456
113.562
90.18
30.348
1076.247
781.224
321.6591
90.6222
58.716
2106.496
1478.272
825.174
1322.352
1180.44
605.61
793.206
446.4
228.68
133.11
175.8
116.8425
97.184
20.13
42.51
109.28
19.98
523.764
342.09
788.4
911.358
270.594
430.11
606.18
120.042
548.865
215.856
94.38
94.5
897.156
498.42
188.552
302.94
363.75
239.96
182.37
272.544
70.308
56.58
182.22
54.768
64.812
12.99
11.352
1828.71
821.214
724.9338
148.014
155.7
234.92
56.808
1867.136
346.113
130.3488
47.64
1114.236
245.88
122.22
373.68
77.56
200.88
310.716
131.568
123.93
89.991
69.0945
60.12
23.244
619.2
1161.54
1682.748
743.58
674.163
752.9193
129.12
84.48
122.07
63.12
43.65
63.612
35.16
332.028
109.74
1629.9075
988.08
435.45
171.87
175.56
148.17
159.12
37.872
1307.97
870.24
1239.84
788.4
216.144
153.828
42.768
179.352
65.82
78.048
803.04
1015.168
423.9
375.12
246.9
435.168
252.045
221.382
172.86
206.352
81.66
72.9
538.755
369.117
455.52
341.577
549.75
413.1
317.574
128.124
156.24
166.5
235.32
51.111
129.276
117.18
101.4
1654.668
199.9
385.984
74.49
41.96
58.68
31.904
20.94
195.72
170.34
2830.425
706.158
429.48
359.97
240.784
111.06
293.22
263.655
127.413
71.97
1060.56
339.6
367.2
200.76
130.92
122.97
208.2375
101.04
106.02
18.936
868.959
1104.48
623.4648
253.692
664.56
549.52
219.808
297.84
180.6
88.254
73.764
36.7263
875.7
18.93
4.95
822.906
239.24
165.24
149.82
122.136
50.7
70.416
58.536
2584.008
1218.24
592.56
242.838
310.14
592.68
333.9
289.32
340.68
341.46
571.32
134.352
145.74
35.892
40.152
31.8
15.4
321.03
597.36
1241.001
457.812
692.328
398.52
487.6
138.096
159.408
195.885
298.92
112.752
402.246
145.896
170.28
100.62
127.296
103.2
66.69
31.164
41.96
2036.86
2841.66
811.104
394.6455
449.568
477.09
311.4
406.14
224.259
546.336
195.72
148.98
277.65
106.816
127.372
28.272
30.56
8.73
2188.05
769.86
388.08
340.86
324.45
98.8875
202.6845
38.16
117.84
149.508
125.36
73.52
111.06
49.944
69.12
620.6145
736.5
258.072
233.86
126.45
150.66
85.104
100.02
112.824
1458.65
1046.376
951.72
374.85
747.63
449.496
945.828
435.4
476.8
203.14
383.22
156.06
93.15
117.024
1371.42
162.76
106.08
57.264
38.04
26.64
133.392
33.648
50.37
21.42
409.8
87.21
113.04
33.232
29.904
1102.536
555.6
876.3
287.94
469.92
290.196
217.2
251.25
455.436
207.184
264.816
51.75
29.268
17.61
2152.956
2419.2
875.61
216.216
332.28
320.166
310.24
249.57
411.75
135.3
109.89
66.684
25.16
53.04
161.568
58.536
47.94
156.654
19.76
20.64
80.96
967.32
196.704
247.86
225.08
174.56
315.36
307.666
154.764
40.635
29.64
50.412
751.872
272.97
508.32
312.15
290.826
376.74
305.472
350.352
31.122
39.024
456.96
747.36
257.25
339.52
193.872
64.242
80.9205
89.248
82.38
75.36
78.288
892.98
1032.75
631.5
180.224
529.47
174.06
82.8
137.136
181.696
73.305
24.828
40.008
3117.088
1656.72
306.9
74.49
170.208
273.96
75.708
56.28
16.02
17.757
15.417
4298.85
309.8844
1094.22
679.68
251.55
132.87
594.6
169.44
128.058
166.14
34.164
47.992
1497.666
741.852
398.88
445.95
119.64
516
544.275
332.28
193.68
618.56
188.4
85.464
45.216
50.01
37.71
17.61
2910.0816
2194.53
145.9
234.3519
198.46
95.04
48.5523
83.92
39.98
15.84
397.44
216.3294
259.605
137.136
170.19
45.072
685.44
765.625
213.43
108.51
599.676
183.136
155.7
21.184
20.676
17.556
51.96
2906.4
908.608
1174.08
123.93
343.74
302.625
176.4
144.732
145.764
87.96
274.2
1052.433
385.76
1336.829
531.36
1004.024
459.92
215.544
224.37
148.17
276.858
128.9
140.784
146.61
64.692
178.24
144.825
127.74
109.48
113.568
34.251
57.93
48.21
40.014
58.59
55.44
24.99
362.664
160.992
161.4
173.556
31.935
185.598
21.12
3.984
1230.66
49.848
1167.48
150.696
240.16
139.032
111.06
75.168
207
286.85
269.28
130.212
102.168
66.54
627.228
583.12
359.475
826.2
169.7961
263.7
108.925
146.79
137.16
23.976
53.307
48.852
18.804
1361.043
524.64
363.8466
246.9
526.45
84.84
235.32
85.212
243.92
375.744
141.372
66.112
142.592
86.256
55.44
73.044
50.25
17.024
14.136
1070.685
640.08
652.45
657.84
194.766
572.76
100.32
254.058
224.98
314.352
125.865
45.888
213.12
73.41
77.76
66.645
215.976
825.216
523.392
243.9
260.496
171.396
96.53
266.688
272.2
84.52
116.712
53.568
50.112
47.12
576.2
3445.344
1105.92
1380.1
223.398
1267.76
413.28
439.6
872.94
644.88
399.9159
896.328
318.09
148.257
170.92
494.1
195.12
150.3
128.304
44.112
9.708
1290.6
57.852
2757.78
688.74
363.384
387.63
203.983
104.706
3063.27
1143.44
933.408
181.656
418.5
364.428
583.872
166.68
383.04
222.36
90.3
659.424
40.416
501.248
43.872
6.696
879
533.1588
85.44
234.816
338.4
79.29
62.3712
338.6616
88.101
36.672
12.32
269.244
493.38
514.165
449.46
942.36
685.755
113.28
323.46
330.966
229.392
200.88
175.875
144.096
220.92
56.73
49.38
23.4
19.284
796.824
972.64
504.09
359.648
219.78
139.968
18.84
856.68
338.3154
504.09
121.3
33.312
42.432
74.49
37.86
2332.96
1622.01
930
397.44
1094.22
1162.64
362.352
718.794
219.75
175.8
149.46
69.648
96.42
107.07
1029.2589
737.64
503.82
324.216
303.912
239.358
899.136
550.128
268.03
341.96
167.82
261.54
275.12
241.424
112.158
60.021
87.768
38.74
778.5
584.352
1669.6
1162.89
553.92
914.34
310.88
283.8
255.42
241.056
52.83
87.92
185.0175
93.2283
167.34
137.6
14.76
19.104
18.84
963.136
1564.56
1186.65
681.744
147.568
39.42
735.84
238.65
346.14
194.448
321.9426
485.024
428.4
96.42
101.388
154.764
26.72
493.68
17.55
209.979
227.24
470.232
86.928
109.95
7.996
726.78
377.6
1217.58
280.792
603.24
459
98.808
151.56
174.42
53.046
50.16
2190.75
158.58
443.73
537.28
397.143
706.32
182.61
71.076
99.036
217.89
56.97
39.495
2054.272
664.56
1177.173
928.256
236.952
822.3
576
464.128
312.48
440.5275
177.568
222.24
512.19
228.24
78.99
143.36
34.504
140.56
26.784
25.542
695.16
32.36
13.293
1483
560.1
257.256
1916.88
3221.4
621
330.156
368.352
317.142
88.92
124.14
360
297.84
148.17
90.3
88.2
120.312
84.5778
70.992
25.14
34.92
22.32
520.464
661.905
309.12
721.875
180.288
237.072
102.546
213.84
178.56
47.52
77.72
114.3
58.6
117.72
64.784
59.82
158.94
63.686
26.76
547.11
464.85
116.04
369.28
240.669
77.6
743.58
270.96
391.86
37.68
129.568
612.684
593.892
904.65
254.52
99.792
73.2336
32.04
453.84
724.8
1198.56
1726.65
352.8
681.1506
259.038
358.668
276.444
124.092
50.4
915.136
327.76
141.96
226.56
139.563
56.544
2570.865
367
770.352
511.02
245.916
145.356
37.38
138.132
37.82
788.4
969.36
511.02
167.82
127.68
113.16
59.376
14.661
194.016
192.726
100.02
108.405
84.256
47.709
1245.861
710.832
241.568
347.553
609.98
211.372
37.68
638.288
343.92
194.352
156.006
540.1
279.456
25.29
266.976
262.89
110.88
26.46
10.02
1715.056
1421.52
528.9
87.534
285.48
145.557
42.85
84.3
43.404
44.52
63.39
25.14
437.724
215.376
264.168
332.5296
117.18
323.064
15.192
22.788
337.68
137.6
126.24
100.02
50.46
460.1688
255.285
580.635
379.372
278.28
249.12
47.04
180.792
97.656
365.22
120.024
100.74
58.716
93.6006
77.3508
6.984
228.744
452.94
858.24
330.144
447.678
130.944
169.74
198.7644
100.992
48.87
17.412
17.088
8.856
351.216
108.66
1931.04
375.84
612.9
457.95
173.34
51.45
1038.492
769.14
828.06
373.23
338.04
124.59
113.04
294.0795
31.56
124.59
185.52
562.2925
598.995
515.862
326.64
209.175
209.148
123.93
159.624
145.764
40.248
25.26
725.3415
560.52
448.74
295.7175
1217.673
807.84
119.028
1779.9
249.18
146.28
86.928
50.52
54.92
1474.128
394.704
340.116
63.04
54.864
300.66
14.19
717.72
1516.2
274.995
535.68
131.88
207.35
44.67
446.4
170.072
129.93
51.6
1210.626
1059.12
466.768
282.6
326.97
181.44
40.48
83.136
15.136
14.157
15.232
1074.8
159.138
259.05
175.92
114.28
111.06
190.44
90.3
36.12
8.36
1298.55
263.106
107.072
245.98
97.52
189.576
53.01
30.42
1136.664
1460.5
287.94
915.9
52.74
2154.9
516.132
610.077
673.344
232.2
254.604
122.94
178.56
40.48
26.712
2221.8
1995.3
951.72
597.915
309.12
613.9992
683.332
211.92
299.97
583.308
178.56
100.5
250.68
165.312
106.92
96.798
123.24
62.31
63.98
88.785
96.84
102.36
75.216
97.86
49.365
415.44
17.496
2891.7
674.352
1537.074
1474.802
477.84
775.26
536.58
164.08
449.372
134.91
292.64
286.8
44.64
22.752
57.504
1725.75
1458.96
636.489
336.393
113.888
467.04
236.7
113.568
97.89
132.8319
120.888
121.05
101.61
131.94
63.87
43.404
22.848
89.6148
162.112
1362.825
410.76
726.84
1274.24
332.28
211.104
122.325
190.54
100.74
87.96
94.428
59.775
44.595
463.84
107.136
124.56
22.428
979.695
776.16
1461.7
383.64
288.9
68.076
144.096
94.68
60.35
35.7189
33.48
28.34
1070.16
1002.72
445.326
177.792
192.6
16.368
15.96
545.94
333.999
393.48
98.7525
391.86
315.776
387
51.381
537.6
358.992
580.392
212.94
364.257
371.952
130.95
68.352
31.56
465
146.61
1393.524
75.36
50.58
550.431
10.56
1051.7175
573.48
1235.25
447.876
604.575
222.36
126.45
79.35
107.53
79.56
27.36
1139.92
378.888
1273.125
156.744
386.68
557.585
86.928
28.28
127.88
547.83
615.72
551.556
521.43
210.96
89.768
216.432
152.604
164.6
609.52
70.208
41.115
250.2
143.97
5244.84
970.2
535.35
18.9
1578.636
396.18
211.92
436.704
20.1
1836
724.8
310.88
85.71
84.12
96
509.9575
722.352
97.568
122.91
47.7
190.944
49.104
10.056
1395
508.68
329.67
476.928
214.3791
66.88
60.192
263.136
20.088
458.43
189.12
87.78
340.38
205.74
212.94
200.64
137.565
89.1
64.242
45.36
28.53
28.62
2011.92
141.825
529.2
50.22
51.072
1032.48
1322.01
803.52
318.816
535.68
198.396
347.58
159.6
136.62
151.11
66.96
30.69
7.476
2291.835
569.184
666.84
470.302
185.536
410.22
291.136
108
50.31
350.88
31.984
426.249
607.9
127.764
47.7
441.92
680.562
248.22
366.12
352.38
106.4
105.32
91.008
274.32
204.68
389.25
106.08
96.9
48.45
68.121
729.48
989.04
118.0629
69.57
59.832
241.96
3498.72
702.27
221.292
189.435
423.648
124.7424
200.88
31.984
464.292
455.52
507.84
382.4
39.096
96.064
158.4
142.4
66.168
13.128
9.96
953.82
912.75
428.76
336.8
156.456
87.381
170.136
968.4
2491.2
714.24
729.48
157.392
483.408
1336.44
336.06
704.76
23.82
351.84
1628.82
845.46
114.24
167.34
86.52
1313.712
727.45
224.748
363.6
265.792
308.112
231.456
310.16
146.736
329.1
154.8
139.92
111.537
82.26
43.12
24.96
1504.52
1268.96
818.25
583.584
354.942
232.08
475.86
10.476
1307.97
364.92
193.9902
1356.8328
348.93
63.948
69.264
70.2
8.79
481.14
729.48
883.84
442.692
382.4
229.44
230.352
288.192
275.072
217.02
146.736
195.78
122.04
76.14
75.78
88.2
966.4
483.2
169.2
51.424
30.36
51.6
19.54
4.18
2404.704
2068.335
689.136
1174.56
840.15
283.8
668.22
154.95
171.51
205.9992
168.03
254.88
206.76
51.75
20.07
825.792
282.4
374.76
136.53
98.2
186.304
94.2
42.06
326.835
880.32
441
273.568
87.3
29.22
15.24
6.16
810.15
357.12
1114.272
196.032
33.48
493.68
287.976
201.04
652.32
265.44
61.96
44.874
496.53
181.797
132.1425
94.8
877.92
305.3925
59.598
18.96
1743.96
874.68
727.536
272.673
127.26
55.14
248.28
387.09
16.968
251.2
108.405
97.632
226.08
87.9
13.61
8.928
330.22
248.265
299.64
118.935
76.896
340.86
253.692
45.696
742.824
254.34
36.288
563.517
501.3
381.76
196.784
241.332
133.488
21.88
16.74
1680.606
1058.022
426.6
260.6976
246.6945
335.64
187.76
98.376
165.88
261.24
57.36
933.536
515.862
383.8
509.696
97.632
731.34
1354.95
871.98
651.96
75.6
200.16
198.272
242.352
126.4
113.94
74.45
914.28
826.2
2438.667
338.4
291.792
80.432
145.836
210.288
50.52
80.28
22.86
924.966
132.3
220.3578
53.01
73.536
93.6006
79.384
47.4
48.7494
30.192
899.43
1001.7
877.02
261.96
455.52
729.48
172.62
110.052
204.408
51.6
89.064
18.28
1296.24
797.944
660.312
687.4
99.918
50.652
58.374
987.957
364.704
391.14
50.22
40.256
46.524
26.505
1293.488
637.184
1115.17
599.165
156.1032
368.91
337.176
59.82
8.73
2958.984
751.872
579.136
154.17
1289.76
51.75
78.92
30.8
19.044
396.92
276.69
18.84
1305.882
453.438
431.37
168.81
195.136
158.912
187.56
31.74
1255.5
264.672
117.558
99.192
104.23
1167.168
1767.552
1878.72
824.22
826.902
394.92
446.796
194.796
226.557
208.572
145.728
313.488
220.08
110.784
60.696
32.121
5.265
418.296
415.3
136.6
175.52
146.9052
197.352
84.768
1274.24
749.07
784.782
361.2
215.376
282.24
232.5
75.87
103.936
22.428
14.56
626.56
485.904
716.85
1056.86
801.96
359.76
391.58
98.96
111.3
55.968
46.384
15.712
406.44
110.88
589.41
2180.34
210.5685
389.9928
214.7514
211.968
113.372
162.84
127.936
45.576
47.25
62.31
58.536
160.1985
85.608
618.084
45.36
1375.6
183.372
251.16
336.96
142.848
15.384
2453.43
3062.631
1557
587.79
247.98
131.376
195.78
252.16
246.9
100.864
193.28
126.75
77.312
103.38
17.14
825.36
1715.952
206.517
299.052
287.94
222.624
97.26
102.592
117.6
85.59
409.968
65.92
246.9
874.68
276.18
236.76
651
203.14
237.504
322.1271
95.44
62.07
9.46
2398.374
618.24
727.5
728.832
404.73
10.11
586.764
351.216
270.18
164.088
39.96
48.45
63.48
1093.248
666.72
328.16
380.058
1291.446
408.006
491.832
88.02
95.76
64.2765
48.576
33.642
19.92
727.56
321.568
1245.6
52.83
1983.015
763.28
988.86
869.7
683.91
445.802
198.045
181.884
135.999
68.04
159.296
547.11
8.544
6.16
262.864
180.096
111.88
125.504
172.832
556.704
396.92
81.424
133.38
2534.0175
666.72
591.948
458.16
1473.408
526.582
413.904
974.988
610.6
481.815
266.352
179.496
361.86
58.68
179.232
178.38
56.328
122.22
70.92
26.25
42.273
2.032
435.294
302.76
362.67
634.74
437.34
221.76
180.6
303.825
324.06
1377
168.96
362.85
197.1
784.74
67.584
4544.1
476.361
291.654
150.03
79.5
123.45
131.568
34.236
127.74
827.55
1110.267
227.96
256.44
326.646
318.08
62.958
47.142
1454.832
474.8301
308.556
719.136
171.96
231.9
43.13
1352.032
644.448
528.43
126.384
1001.7
344.61
1196.86
1093.4112
835.056
523.26
829.728
408.456
157.968
127.764
1121.568
126.45
996.3
610.6
356.6196
196.45
198.56
399.52
130.48
51.39
87.76
21
232.88
2713.41
1318.752
295.95
163.839
463.84
332.64
788.67
725.49
501.248
1031.355
988.2327
548.604
244.14
224.748
99.828
1189.242
875.22
1032
602.28
945.945
952.2
350.088
405.1
235.24
220.96
170.28
58.5
39.96
42.624
14.84
369.144
647.84
155.568
738.288
86.535
2546.46
710.76
404.16
197.372
3139.128
2190.848
698.352
297.918
102.9
63.808
120.96
83.484
77.728
31.168
1729.14
267.912
244.08
40.26
1348.704
700.152
486.324
150.98
53.595
18.936
940.0716
340.86
230.28
160.5741
22.26
872.94
550.2
662.448
664.146
310.443
197.1
219.9
171.42
87.9
3274.02
537.4
853.092
266.22
180.12
97.86
51.3
96.48
58.11
698.544
254.352
264.276
301.47
171.51
267.3
62.07
155.88
110.052
48.42
1378.17
1358.28
1040.55
1184.391
891.9
657.216
1107.432
432.6
797.04
225.296
312.03
190.92
498.42
233.352
92.304
122.58
37.98
38.1
1904.4
1028.601
725.7
719.4825
457.95
289.44
695.808
520.776
175.44
1674.45
188.7975
654.102
252.06
53.424
276.489
2286.88
1860
1128.39
879.6
421.7
227.718
78.92
23.85
1837.56
782.94
512.96
529.9
576
227.6
218.352
288.192
144.2
300.904
184.752
94.38
47.4
118.752
49.224
35.56
475.328
244.65
952.722
534.9555
764.8
219.792
158.22
235.116
85.44
1241.001
510.24
264.96
555.0336
227.24
218.736
70.096
95.28
20.184
58.536
22.72
23.1702
2063.4
856.8
305.9745
337.68
195.264
250.2
37.296
1471.1157
485.1288
672.448
696.42
582.912
914.28
810.54
653.55
241.704
77.832
185.58
214.11
153.2
234.276
334.88
123.072
103.86
34.504
339.12
911.04
630.024
848.124
216.3
205.74
104.496
872.13
2503.872
529.29
339.136
220.064
1013.832
1081.08
1409.04
1403.92
241.568
566
181.536
113.52
44.46
56.568
100.32
8.624
29.46
1447.56
110.1
1057.14
589.2
439.5
341.46
564.195
170.73
658.24
54.5748
1652.94
14.76
143.79
48.93
1920.36
630.15
352.86
493.452
322.1271
418.35
147.888
122.031
123.24
94.788
110.04
39.492
31.56
22.77
127.104
496.53
254.744
43.95
1375.8456
322.59
98.88
97.56
1008.063
685.8
399.672
302.67
219.3
27.92
87.3
123.34
44.34
23.532
67.1
44.028
1046.25
1630.8
344.5425
600.558
574.56
342.51
202.1808
117.045
43.95
7.692
1579.746
1071.576
613.908
100.62
1481.7
879
163.32
145.89
55.14
60.372
138.8241
51.264
395.901
32.112
514.4004
881.685
673.2
194.766
9.96
567.6
361.86
144
103.2
245.04
50.4
102.833
125.34
48.93
157.98
76.224
6.021
1162.89
565.11
231.417
37.38
759.78
398.52
177.16
126.36
75.744
81.48
113.16
282.84
119.64
229.5612
66.96
38.5659
111.06
42.84
3094.56
15.87
78.304
3238.305
828.96
960.64
714.15
163.96
132.87
83.56
50.4
105.525
714.8004
6.24
435.42
1242.54
1091.412
381.915
289.92
372.036
417.42
428.28
265.824
307.26
296.028
189
318.09
196.74
134.9478
58.02
1212.96
1134.21
2114.64
216.04
226.557
335.205
301.96
327.3
110.28
57.78
37.38
13.7532
508.68
199.368
292.56
231.92
195.466
108.66
1252.584
308.112
214.848
537.705
553.8
9.552
1049.616
102.9
71.372
242.352
148.104
26.37
954.6
755.73
1648.44
578.976
219.75
1391.52
1333.44
1127.808
581.25
276.864
207.84
200.88
43.011
168.03
50.22
1233.63
161.28
96.9
391.86
142.8
616.005
110.673
117
35.34
3083.43
2003.92
344.22
199.764
4228.704
124.2
105.552
21.936
49.764
2442.069
1751.625
586.944
464.049
364.59
1391.04
387.63
139.032
497.7
219.78
273.666
110.3103
121.78
69.516
953.94
76.368
35.1
1715.16
1854.495
463.104
409.8
623.3175
659.7
310.35
131.648
870.9
518.496
274.176
350.136
148.08
210.24
504.711
87.06
85.464
464.52
253.56
146.9052
333.234
22.512
138.672
51.264
1838.52
723.72
691.4706
243.168
341.46
95.64
185.0175
177.48
236.952
5.312
2818.08
821.52
492.399
434.88
230.742
298.68
158.571
102.78
131.67
17.13
823.5
1115.37
899.16
646.8
486.12
168.464
142.182
10.056
1773.72
3048.15
529.74
473.61
648.9
1875.258
320.37
547.3
516
270.27
466.704
226.32
195.72
114.17
176.4
85.59
4007.84
657.93
479.9
124.41
102.78
1323.9
150.24
225.568
409.4604
343.02
720.3348
80.96
36.6
52.668
33.58
366.84
287.94
144.528
40.248
496.53
971.808
415.44
584.2
618.3
385.76
293
239.148
473.148
268.704
90.18
139.92
338.88
107.82
119.94
34.6896
17.31
12.42
1715.16
2197.5
1356.03
882.15
468.72
48.42
1136.664
546.66
302.94
1392.384
537.696
212.13
142.36
409.86
262.86
120.48
43.26
41.552
1440.96
1102.86
563.92
204.12
85.46
57.516
50.37
1212.5
1697.584
275.52
575.96
480.2232
364.32
133.11
219.48
98.7471
97.184
75.36
40.2522
39.861
18.96
81.568
27.813
47.82
271.46
165.24
170.928
131.94
201.48
53.04
78.696
69.336
267.09
448.578
740.7
378.4
382.9
217.02
146.34
165.456
5049
840.56
411.624
14.82
300.42
930
405.891
333.8
583.12
35.544
3877.68
1970.496
985.248
409.032
47.82
899.43
495.18
480.96
455.97
250.4046
89.0664
137.16
30.144
100.74
1198.33
595.68
122.352
111
30.768
971.5
1463.64
1021.14
1212.56
1487.724
822.42
626.184
264.96
178.776
37.8
62.31
730.0125
317.058
1657.08
274.6407
112.54
89.99
81.0738
56.686
58.6
37.011
6.16
720.48
257.499
491.76
144.66
132.048
79.12
26.604
76.52
18.624
712.992
612.198
187.92
218.352
95.28
60.312
173.6451
1058.58
697.584
149.232
192.6324
126.948
172.044
87.3
149.58
43.65
437.61
727.536
451.2
24.966
345.096
173.24
22.608
1814.25
518.784
338.4
147.712
103.68
70.08
2364.102
643.136
370.35
534.18
585.69
444.312
119.799
75.36
53.109
60.84
47.64
483.136
370.944
319.41
239.666
266.352
166.68
376.866
264.06
665.1
213.444
262.602
212.976
162.3228
96.32
56.79
1467.36
540.192
835.056
607.824
523.41
863.82
1031.82
180.12
155.25
537.705
248.418
345.597
268.164
245.04
222.24
43.95
97.56
135.594
75.519
35.406
90.891
59.19
39.024
26.016
17.61
57.69
84.72
701.616
332.019
259.136
424.158
281.82
159.6
141.192
7.38
90.76
24.75
12.42
1100.52
1194.165
672.57
193.68
143.1
220.08
42.42
35.04
39.08
7.904
605.25
93.7125
48.21
826.56
201.123
51.81
23.91
4416.174
427.68
224.856
229.56
462.564
325.68
186.93
162.6
67.08
69.57
74.592
16.784
517.86
1676.259
347.8377
599.28
713.124
100.32
38.088
24.4
293.52
165.24
191.82
157.8
195.76
109.48
151.236
113.888
47.64
63.52
14.82
1637.01
925.23
1292.94
723.92
318.43
1983.015
227.24
50.4
231.12
266.736
113.256
177.3
413.451
48.93
87.72
47.82
97.392
12.078
961.8
605.34
545.88
241.6446
248.28
34.2
175.56
173.76
294.57
97.335
51.75
10.11
697.584
604.16
120.98
546.96
257.688
130.62
151.2
120.666
214.14
1123.1703
163.65
109.89
107.016
3177.711
827.9733
931.77
424.116
730.2
1119.195
392.94
669.06
145.98
116.937
298.68
292.1
137.54
60.312
51.81
42.56
8.544
118.8
59.4
2115.216
333.6
145.32
266.355
356.4
226.08
177.69
224.91
337.68
291
113.76
83.088
66.528
551.04
262.528
705.348
410.22
448.77
358.88
723.72
184.86
187.76
200.64
327.7328
148.92
287.58
165.312
145.216
347.88
50.22
52.74
67.36
155.25
452.088
582
151.11
175.92
293.382
318.888
20.32
13.509
3707.352
2003.52
458.208
701.622
218.844
135.48
434.88
190.08
246.12
183.8
297.3
79.456
36.666
20.124
3473.14
1693.3
459.63
1656.72
354.861
504.9
266.22
90.76
273.24
161.22
199.12
155.04
142.152
235.536
35.22
124.36
19.512
226.4
235.05
227.4315
199.304
239.733
217.02
47.4
102.438
42.7707
51.6
2751.2
240.16
39.285
25.16
175.8
437.688
327.84
44.46
33.8
20.256
17.58
341.9982
876.681
154.3752
192.84
92.304
153.171
20.016
4.992
383.4656
417.144
268.512
132.72
217.32
319.77
63.18
100.8
48.609
1653.12
231.92
628.24
189.882
115.86
306.612
453.12
571.32
461.484
242.1
263.676
82.524
1001.1366
23.268
880.146
575.96
230.384
132.03
76.14
4626.15
859.3065
124.62
50.52
58.17
25.4
15.96
915.9
384.72
350.808
344.372
178.08
127.88
76.2
126.03
316.05
269.19
170.73
935.172
85.32
987.957
1034.88
302.94
172.5
220.644
111.06
236.97
144.48
227.12
115.968
41.52
22.608
14.56
1.892
2570.94
529.92
434.16
142.02
150.66
83.088
39.144
12.56
1652.4
872.67
318.09
159.12
198.64
126
34.2
1168.65
917.9235
1360.62
263.296
341.9982
774.18
158.912
40.008
56.34
37.8
70.56
45.36
466.956
489.2
854.352
544.008
99.7326
140.81
43.038
3278.5848
655.776
311.976
218.3868
801.6
198.744
161.568
156.456
36.024
74.91
34.2
2337.15
1836
1938.15
699.744
638.82
289.24
176.19
69.84
1669.248
512.19
567.135
348.32
252.84
181.116
93.94
131.283
9.552
5.344
15.87
263.736
274.32
267.12
740.85
199.344
200.64
159.296
227.04
171.42
83.91
88.02
47.19
60.096
65.94
40.48
9.94
15.87
887.103
1968.03
332.28
87.78
311.4
73.915
1519.14
371.28
150.633
61.96
51.3
60.84
885.528
792.36
402.96
801.568
454.71
168.04
395.12
383.438
631.782
475.44
195.93
243.18
350.98
221.76
114.34
146.364
131.58
284.166
99.372
90.624
80.112
53.408
60.72
5.352
1586.412
918.78
1003.02
438.51
411.75
317.331
56.736
24.99
20.32
20.1
9.82
117.18
2018.331
1741.8
493.047
376.02
130.272
63.729
41.568
1776.544
740.178
319.616
444.51
147.712
214.2
95.6
307.92
195.78
78.312
77.24
193.1
768.366
490.08
217.02
607.38
1025.88
392.31
726.144
141.96
100.5
220.6206
138.48
67.2
22.788
12.62
2040.92
947.22
1837.206
651.96
255.108
301.96
165.42
70.44
35.32
5729.346
2060.7
705.072
1713.96
364.416
236.088
139.032
334.773
242.512
199.584
90.048
127.386
51.93
68.364
101.208
69
51.6
26.43
19.76
5.82
1819.86
1542.24
1395
610.6
296.226
270.96
1578.636
883.264
1053.164
541.92
583.12
498.36
337.62
104.496
377.45
273.472
563.94
174.51
414.03
136.736
370.4
158.976
183.84
285.66
39.92
18.84
35.865
456.96
1141.938
658.638
119.232
158.976
76.368
171.828
144.66
119.833
332.28
87.96
99.95
89.504
58.716
51.93
18.96
16.104
825.36
181.47
140.91
195.648
138.753
656.532
70.434
57.456
1021.14
42.06
1854.72
887.271
465
597.24
64.488
31.968
7.56
546.48
186.948
200.04
75.6
94.932
56.34
749.49
428.544
43.902
41.52
13.968
1127.28
2042.544
130.95
44.67
2878.47
4486.86
780.3
869.7
25.23
173.796
72.294
61.0791
62.316
20.32
14.98
653.1
697.16
463.44
121.53
159.3
362.4
102.114
75.6
170.19
30.93
744.1
401.59
109.95
86.04
44.595
59.92
9.612
556.704
1087.2
130.212
595.38
198.24
930
205.176
129.6
148.5
139.86
22.32
70.785
10.332
163.136
641.96
298.68
85.44
35.92
69.2
125.6841
39.76
828.36
681.408
1628.82
103.572
314.352
18.693
307.272
193.0656
377.37
210.288
195.72
66.168
2584.386
448.02
439.8
195.48
293.44
296.88
550.144
117.072
153.864
257.64
199.392
100.54
121.74
55.52
72.315
9.564
1904.4
2063.4
760.116
1094.22
460.44
457.485
464.464
236.97
88.896
38.784
72.864
45.468
50.32
15.543
1535.814
981.372
297.96
106.092
43.02
36.882
16.74
913.43
384.944
459.39
109.74
141.825
88.912
44.496
1869.72
920.4
319.77
504.9
185.58
729.84
421.372
500.24
139.68
16.104
889.02
3315.27
459.63
137.16
933.471
245.052
48.93
168.96
106.02
33.54
689.22
1168.4
273.472
435.99
311.4
110.7702
50.04
71.424
72.675
19.08
801.568
631.782
493.43
177.984
362.94
152.496
617.7
317.37
164.22
100.38
58.6044
985.284
830.574
618.56
2768.58
171.42
1654.668
60.372
66.68
40.98
872.32
491.136
210.288
417
2057.13
701.372
496
251.55
654.102
496.048
137.88
159.3
250.8
142.56
117.525
267.392
147.28
221.508
118.8
25.632
13.545
10.572
680.76
734.4
168.48
394.2
409.216
104.004
93.042
72.588
966.3444
808.92
327.3
915.9
328.59
82.6944
56.52
986.904
784.8
398.61
364.776
773.865
74.76
16.02
1158.408
253.02
845.856
328.3992
118.665
436.0728
91.275
38.016
56.56
151.236
30.56
24.368
641.97
723.168
322.44
344.372
280.422
572.16
180.4572
290.352
186.048
176.64
63.824
22.14
145.764
32.04
221.292
395.82
94.8
351.936
133.3341
136.869
31.96
30.816
15.408
11.214
2.328
744
718.116
643.8852
821.88
975.12
820.44
654.102
204.228
305.312
80.352
412.695
233.058
291.654
219.075
102.78
113.46
79.974
62.352
87.6
35.6094
31.34
191.058
25.536
22.716
65.7438
15.992
18.7
14.952
14.952
2244.48
2277.6
455.1
705.348
662.448
380.457
242.352
331.8
413.1
190.8
192.186
190.848
198.09
103.92
51.968
116.34
26.43
21.132
662.88
874.02
434.16
229.056
359.058
211.716
180.64
61.668
198.09
14.368
1480.368
740.184
535.8
491.456
1715.16
982.912
1816.95
303.92
459
422.73
485.676
343.74
658.672
149.832
100.5
155.07
455.97
228.744
48.632
188.256
51.276
139.152
142.02
61.632
121.58
1189.2825
311.4
182.295
102.018
132.132
53.01
25.29
17.1
47.34
13.36
2797.248
1067.94
276.96
272.94
38.6
14.73
19.3
174.6
5451.3
1013.488
1022.528
318.816
153.568
511.264
159.408
1745.34
1136.664
354.861
108.6
207.846
144.096
101.412
1003.02
345.72
179.46
20.32
1025.52
124.14
1809.255
135.8
68.95
573.48
386.91
426.5514
384.48
412.2
246.48
138.48
68.704
48.16
22.23
269.82
287.94
187.839
218.376
87.912
100.692
32.952
131.58
943.866
292.977
231.255
820.665
585.12
697.16
148.17
86.45
34.54
25.29
2092.5
122.94
300.132
35.22
81.84
2.91
584.352
551.556
238.272
367.704
91.824
23.91
209.88
191.96
126.4
803.52
1116.99
312.822
317.058
155.763
51.354
500.4
113.46
42.408
51.968
34.812
94.02
28.566
44.4
17.334
14.56
2539.8765
507.6
107.772
113.7486
62.316
66.636
771.968
930
333.54
100.32
94.8
494.04
1049.2
216.945
144
146.76
232.62
137.16
1940.064
518.272
173.097
57.984
263.376
126.5382
51.3
19.776
6.98
1696.248
264.512
132.256
104.01
47.4
3.984
195.76
897.2
303.2712
573.48
342.06
678.592
610.35
60.24
1524.2058
899.16
506.43
777.96
161.568
162.84
295.95
99.288
37.485
57.69
118.38
32.04
18.4617
656.856
858.96
598.104
878.904
226.56
97.56
42.06
657.93
650.88
801.568
260.352
272.848
90.06
176.43
7.569
2063.7684
1219.04
609.52
229.056
548.2
348.792
182.94
242.944
183.92
114.528
163.764
607.36
8.792
513.81
264.9
56.58
210.24
396.252
544.008
1110.267
598.458
455.52
586.398
25.984
3633.9
1373.52
354.861
207.24
145.26
88.704
114.336
23.4
412.695
1311.552
977.022
881.34
148.44
465.0372
131.85
117.6
47.64
52.98
1181.547
705.072
1403.244
170.88
136.152
133.344
55.14
16.368
8.544
29.988
1690.04
659.424
542.94
728.64
601.536
122.76
85.3
232.62
162.12
194.32
30.42
4.928
1236.48
968.4
934.86
313.248
366.21
163.88
79.712
40.464
27.765
705.072
98.392
17.088
26.43
2888.127
2254.41
272.646
80.991
1302.696
409.59
316.656
591.32
292.68
140.192
142.848
51.354
264.9
333.9
227.64
387.136
54.456
111.12
61.1
56.686
64.26
23.4
439.92
269.64
928.256
417.456
157.98
284.364
43.936
82.5192
49.932
140.736
231.417
107.48
68.172
1252.704
2615.94
396.802
240.624
498.24
141.96
137.04
246.1328
103.302
18.176
132.552
37.8
405.144
318.43
246.84
291.792
289.568
86.97
73.16
20.952
35.712
7.068
775.536
1275.12
1837.56
825.792
432.6
509.4
183.968
346.08
529.32
283.92
388.08
364.92
209.568
155.7
77.6
70.32
50.97
42.6
27.58
4.656
629.58
1325.76
183.84
220.56
392.4
450.765
166.71
397.44
84.34
572.16
145.89
43.65
116.775
34.6
31.92
51.246
1618.37
1214.72
355.455
333.36
172.029
51.756
521.856
1239.3
320.448
47.385
79.722
57
18.92
825.36
259.44
219.28
25.248
77.472
108.51
150.57
1838.52
424.35
451.136
267.84
243.78
137.16
173.79
109.9
43.86
14.272
874.68
1428.3
451.1295
467.43
264.9384
582.426
127.296
259.248
84.98
67.128
102.78
489.81
988.008
132.87
76.356
156.897
22.761
1743.96
282.9
262.86
352.86
249.72
37.8
75.96
16.02
12.6
552.36
314.352
394.065
58.17
633.92
511.44
399
144
91.96
265.74
528.43
135.48
99.372
1718.1
1805.88
364.74
731.82
181.12
168.8625
169.68
276.4656
100.5
71.296
22.14
364.74
298.68
218.034
292.68
154.392
401.646
98.88
159.6
69.516
58.17
304.7166
680.76
547.128
607.36
64.0356
858.06
868.95
908.82
162.6
439.5
827.334
613.224
169.128
133.785
697.86
236.97
826.2
373.68
174.12
219.672
105.894
149.46
246.12
520.05
100.008
164.349
181.884
124.14
389.25
2637
619.02
469.287
853.93
807.732
535.14
462.672
507.6
218.862
132.111
170.058
182.214
247.02
151.68
66.88
1502.784
796.425
500.85
466.722
551.872
272.28
221.508
353.568
248.82
188.472
174.396
17.92
717.72
170.352
30.222
1822.08
363.92
418.728
705.6
308.34
254.0343
270.594
338.04
154.304
80.496
2039.0715
737.64
551.3886
225.296
160.704
302.94
124.404
8.8
914.5125
294.6
259.605
582.912
87.76
114.075
51.93
117.855
10.548
2887.056
875.22
522.48
411.21
815.292
1428.3
573.174
117.62
244.56
175.77
204.93
124.62
132.48
4.761
1842.66
879.6
654.6
568.728
624.24
311.304
553.92
1233.63
866.4
1012.62
825.36
1236.42
546.3612
429.48
388.704
88.608
129.92
191.28
169.44
128.22
322.1271
153.972
57.852
91.92
17.556
18.99
25.16
22.752
687.48
579.528
496
325.8
97.44
109.74
62.31
204.6
124.92
47.98
267.84
845.46
671.0598
784.728
109.64
66.672
100.6524
940.96
493.83
499.68
129.92
93.888
101.4
98.88
1428.8
690.48
289.92
507.6
446.4
281.82
719.85
1148.7825
1043.92
661.176
337.92
242.136
296.34
127.656
98.88
70.308
78.354
170.19
89.352
45.568
19.96
683.952
478.48
289.92
583.872
417.216
380.688
281.82
251.16
291.456
262.11
168.03
120.08
45.696
78.048
66.464
67.32
332.28
218.25
142.83
425.91
90.936
830.7
891.405
537.4
334.125
206.962
149.931
91.71
1050.732
446.4
357.12
113.568
51.81
195.136
127.554
77.952
201.6
37.98
19.38
897.48
1162.89
578.976
674.244
520.2
223.182
97.74
70.98
27.42
29.68
25.4
3024.189
309.042
40.26
410.76
422.625
341.577
195.885
931.392
1269.6
919.26
103.68
317.88
126.927
55.53
15.92
33.6
1102.08
920.4
1451.136
86.4174
2058
263.36
135.297
90.402
97.038
59.99
190.8
2065.5
157.84
160.224
47.352
2285.7
100.62
445.62
512.76
769.65
417.216
164.088
596.052
221.568
107.772
89.676
43.95
784.782
649.32
424.062
366.84
167.888
387.099
146.82
100.92
60.04
281.372
281.372
28.53
22.336
183.42
1272.63
670.14
86.62
31.56
23.56
548.64
254.352
397.224
230.016
18.28
918
244.26
244.08
660.69
825.36
249.72
292.176
94.68
165.456
63.474
75.33
583.48
238.944
59.12
180.0837
174.286
25.2
321.728
1286.67
259.248
181.986
289.32
169.092
266.688
457.95
151.548
142.623
110.04
30.132
1765.395
136.272
27.42
409.032
2614.689
1180.44
822.852
806.68
493.8
372.9132
487.96
717.336
319.644
306.774
146.76
84.84
151.5
190.08
140.028
87.9504
391.14
128.82
874.68
876.528
580.6
349.872
235.32
75.96
131.64
30.384
27.42
11.648
439.5
195.12
526.344
126.36
132.03
811.134
199.344
253.692
143.37
4.224
664.35
234.276
630.585
1309.608
159.3
359.397
253.854
147.672
59.19
2470.5
1409.76
657.4815
413.1
98.328
93.6
133.11
160.224
210.008
314.532
263.88
300.51
119.472
1093.92
1107.2
567.8
435.999
410.346
343.02
216.3
56.736
18.99
675.54
306.342
340.38
68.432
18.96
20.124
20.208
13.28
2841.66
601.32
749.49
980.91
776
741.852
927.84
241.96
568.608
364.932
364.32
251.91
245.94
90.3
58.02
124.62
73.52
77.48
48.42
97.74
41.54
39.552
12.07
1620.3
762.075
842.352
191.968
240.784
445.6
12.816
1961.82
1298.241
344.34
101.94
404.73
321.21
438.15
486.3
222.36
198.576
130.212
177.888
251.73
183.18
31.4
65.136
39.92
40.83
617.55
579.136
696.762
325.68
145.35
248.98
177.225
50.46
95.28
7.56
603.92
381.44
312.912
344
155.372
307.26
155.43
250.4046
270.144
266.22
6.368
836.928
418.464
343.785
879.06
1166.94
294.6
91.92
35.712
64.11
26.604
45.15
62.496
22.788
1483.704
400.88
496.44
170.92
168.237
96.84
50.4
94.704
39.88
484.52
565.8
753.888
247.424
263.488
339.6
243.18
127.296
64.784
70.728
68.676
67.28
66.69
36.304
53.316
196.12
731.34
1092.96
563.904
990.9516
498.96
1100.608
842.72
124.416
288.9
299.16
37.98
132.03
34.824
41.96
40.56
22.784
11.84
1586.69
1758
1109.052
2379.618
381.456
411.8
437.724
607.52
363.39
317.66
182.55
379.044
210.924
934.956
220.98
178.2
141.96
47.574
72.948
219.96
133.11
69.228
454.41
253.02
727.536
970.048
927.84
296.34
210.98
90.3
95.04
52.98
40.83
2076
94.68
471
134.082
90.3
224.01
50.58
40.48
13.38
359.058
46.9
93.048
2205.568
2572.74
433.62
403.2
291.024
211.84
52.38
65.584
672.448
274.416
185.055
363.75
159.296
50.58
215.64
171.18
85.455
366.84
1190.304
860.79
387.136
263.412
78.288
110.646
66.36
24.14
77.952
11.664
1444.128
874.68
774.18
602.651
500.576
219.9
175.24
42.432
63.648
48.78
2761.2
741.006
348.3
287.94
148.344
205.1
134.595
88.224
37.05
1447.44
292.7592
317.142
576.384
454.41
338.418
171.288
154.278
189.54
85.455
23.85
4.272
188.192
2068.335
1268.96
826.2
286.464
394.2
494.8
157.68
197.92
251.1
5486.67
1236.465
474.8
868.842
823.5
481.6
221.2
164.724
302.22
91.26
41.2596
244.08
29.988
448.8
82.6068
78.288
20.94
250.2
897.372
528.57
319.842
99.32
704.34
583.48
390.582
271.136
103.86
243.495
67.32
744
274.704
75.96
141.9
72
43.416
13.28
1857.06
404.514
217.44
453.681
163.1331
370.53
284.364
918.785
103.68
19.776
31.74
14.91
2214.849
868.95
532.704
450.36
465
132.48
100.92
143.046
95.28
22.608
2.784
2220.534
56.52
70.44
1408.1
947.7
727.536
517.5
136.782
156.546
219.3
14.91
830.574
1081.647
368.97
532.704
235.515
213.228
368.352
184.752
180.48
94.68
9.996
28
1964.25
620.298
594.816
439.02
351.54
362.4
180.588
568.332
549.54
87.804
126.348
20.124
114.24
29.328
26.676
454.272
347.361
324.06
163.92
140.2
234.36
127.68
56.628
331.8
288.4
138.16
25.29
59.592
16.156
3720
637.896
646.4988
1935.104
210.68
240.744
826.2
173.94
201.648
69.08
318.5622
35
507.12
52.736
59.136
1707.264
611.058
863.4951
525.132
151.72
120.712
111.15
35.168
1455.12
174.33
166.71
204.6
79.76
118.8
70.448
192.128
14.368
814.374
709.56
458.3628
402.96
626.7
79.76
69.57
168.3
127.785
24.048
28.4
6.464
2880.18
289.32
292.272
30.36
84.52
49.84
85.12
45.96
23.99
1126.296
590.058
883.84
556.704
268.704
505.2
176.43
166.68
97.56
72.704
7.712
9.68
669.78
789.936
572.76
286.38
340.68
555.06
141.372
158.787
39.984
2.328
2553.18
1314.432
379.53
220.2
79.11
72.704
181.95
220.536
51.84
33.912
27.46
20.13
798.66
142.56
68.07
3709.26
493.452
313.722
171.42
110.1
110.28
64.11
45.98
126
2485.62
771.39
57.06
1878.72
700.65
33.8
1322.01
834.75
79.5
142.905
1652.4
61.62
31.56
190.92
366.786
109.98
634.68
360.24
301.47
115.86
396.576
20.28
39.6
2060.7
717.408
510.57
271.764
207.846
76.608
31.14
1487.04
453.12
303.25
110.1
81.42
46.224
14.679
2182.68
1760.43
1647
141.6
128.058
102.576
299.16
91.152
50.7
1325.76
622.944
429.48
995.6
240.912
100.5
40.14
331.8
149.58
123.99
327.3
148.44
178.08
106.92
59.82
212.592
193.008
29.32
1745.34
1461.7
194.784
189.6
142.848
14.73
1487.808
1107.9369
951.0426
2266.1475
1044.2166
447.84
439.344
108.2736
2563.92
444.042
424.5315
157.815
302.4816
545.4
75.384
333.48
204.85
87.3372
2046.195
724.8
566.2308
1630.8
448.578
339.84
303
438.96
152.496
146.34
75.12
154.278
133.8966
23.928
1631.916
276.69
293.52
550.24
342.09
172.764
175.92
315.936
54.82
47.88
248.22
97.74
66.464
68.8
33.804
25.173
17.62
18.84
77.92
704.9
561.568
358.58
175.8
1236.33
980.32
1272.186
453.681
537.408
302.08
1050.246
253.764
883.71
267.192
84
67.44
35.36
97.86
179.442
45.03
320.49
796.48
439.452
423.6
820.665
429.48
150.48
127.6989
65.475
20.088
6.28
40.784
7.88
20.104
392.31
370.575
982.125
459.513
79.8
99.09
34.92
2885.085
739.536
300.5328
150.255
1044.63
395.12
417.42
307.136
223.38
102.582
125.1
146.82
103.3461
249.7257
46.6032
27.568
287.94
831.456
460.971
563.24
457.14
512.064
219.48
268.164
161.514
115.032
157.12
322.8
63.2
108.6
155.372
174.12
127.95
90.666
45.264
43.44
21.44
35.104
20.064
13.38
520.464
735.408
783.72
603.92
132.048
311.62
199.8
151.36
103.056
94.2
430.848
308.718
873.072
339.296
220.2
87.72
82.76
1773.72
2186.7
1208
582.336
457.14
253.176
291.1
278.304
26.37
704.76
120.024
317.952
104.472
48.45
726.72
1234.359
517.405
2460.96
285.7
73.1022
1175.12
659.424
1218.735
725.344
546.975
275.952
143.64
213.3
183.885
76.08
52.96
23.88
6.096
100.272
351.68
281.88
1684.752
207.76
180.36
321.3
309.042
339.92
143.127
199.44
161.22
100.02
82.26
26.712
8.928
9.94
1570.6
1409.04
727.5
1387.68
977.292
321.568
731.82
268.848
364.08
276.18
220.56
226.9
43.86
87.966
221.2
93.744
50.4
71.088
19.05
26.76
9.36
59.328
2182.68
488.16
462.834
947.079
547.136
275.88
449.568
550.4
164.46
389.04
160.98
171.396
83.439
151.68
97.038
90.76
34.56
1463.64
1255.5
799.56
94.68
55.14
75.744
17.46
37.98
43.96
85.59
19.548
1762.68
313.35
772.605
842.376
444.42
208.548
271.764
232.88
293.64
67.284
230.1033
49.653
37.93
73.0146
88.101
37.86
8.544
264.96
334.3035
1113.408
119.184
33.888
177.36
1014.72
131.64
131.58
332.28
362.4
581.55
132.48
685.44
533.376
360.24
144.096
66.88
1411.2
439.02
456.192
920.88
192.128
18.84
1918.98
190.836
297.96
231.92
196.784
3393.68
311.136
235.116
345.24
201.12
93.2502
311.76
88.032
1444.548
1526.56
374.58
150.66
368.97
90.99
230.28
45.072
31.88
831.936
334.611
408.422
191.5155
197.76
193.158
111.06
88.224
97.04
63.936
2472.66
709.3125
1314.45
437.61
137.16
476.361
857.1
449.9145
344.981
326.88
137.4
450.36
25.26
607.716
359.772
290.666
225.296
664.56
197.76
104.93
123.066
105.686
20.24
24.96
2470.5
1021.14
634.24
341.55
315.432
375.3
298.68
109.74
287.136
18.84
58.48
43.8
704.052
332.94
158.848
149.931
68.985
508.38
852.48
989.04
491.76
856.8
422.058
218.025
495.99
99.099
308.28
205.52
199.28
105.3
180.6
311.4
113.04
85.246
220.08
66.78
97.56
32.712
1938.24
2747.7
871.4
400.784
341.84
297
339.15
137.6
241.05
216.04
253.44
220.56
59.82
674.352
232.624
364.32
134.01
67.88
33.012
25.71
17.496
896.76
393.165
266.352
225.28
72.675
161.22
233.6625
52.983
403.56
2430.08
940.914
241.568
95.2
255.76
69.3
2049.84
298.116
321.72
623.592
165.42
167.496
187.92
138.588
79.4
20.096
42.39
2472.93
259.248
160.089
116.508
10.68
437.688
291.792
51.084
913.05
307.23
90.112
3427.1496
1653.804
1006.5897
591.3
346.113
329.76
274.992
168.68
199.056
130.98
151.98
258.426
126.18
161.514
103.62
29.7
585.552
747.3
145.568
99.72
137.208
37.872
21.184
370.899
343.74
369.72
364.74
120.744
170.96
87.6
154.48
136.62
197.3
89.1
181.116
1636.956
548.28
362
477.666
614.85
483.136
151.04
393.165
220.08
201.96
68.64
139.328
107.1
5667.87
2871.54
1315.68
877.38
956.664
587.79
531.48
521.82
382.4253
659.424
257.04
269.97
244.14
488.646
144.096
69.804
51.69
37.824
47.12
34.434
1402.29
301.5
306.774
75.78
63.92
48.93
724.8
131.0058
62.613
247.02
150.93
19.3
692.472
450.912
175.56
116.712
122.94
87.984
100.92
1568.61
594.54
286.8
1391.76
350.848
325.8
364.92
228.204
194.352
202.608
124.95
101.412
24.828
64.28
91.424
2066.4
740.7
723.92
304.71
701.96
516.636
143.37
853.93
359.499
91.71
338.7
120.6
113.04
98.76
125.34
97.86
99.288
45.03
109.98
64.11
3119.34
1380.6
1451.4
230.352
218.352
600.558
300.416
387.09
245.94
189.6
242.214
185.472
97.224
156.654
116.04
173.76
3.48
1741.8
1788.822
877.02
1854.9297
1125.6
788.4
150.255
56.73
275.058
51.588
100.65
2563.056
3547.44
1006.0641
1747.25
612.84
866.646
1676.5515
698.352
178.56
313.176
217.32
249.72
175.26
343.85
172
467.1
118.8
54.711
47.968
21.12
35.445
1820.7
663.39
940.914
459.513
732.72
304.45
251.1
232.62
75.87
191.984
1248.912
142.848
273.06
269.28
189.756
40.296
41.96
98.7471
23.676
21
20.004
141.96
62.82
50.7
12.42
2803.92
181.986
140.49
327.3
179.46
94.68
1585.71
518.88
428.34
62.72
5451.3
493.92
71.28
15.138
521.82
230.742
152.064
106.02
232.62
364.32
85.5414
16.192
892.224
337.92
91.96
1314.45
304.248
149.94
60.624
63.48
731.82
359.568
340.86
453.48
249.904
2289.75
2722.86
500.7
1048.194
329.85
292.896
362.85
257.568
111.06
60.84
1713.096
920.4
718.95
807.597
467.43
1267.53
1242.81
434.646
1.988
713.124
827.268
567.12
88.08
60.012
48.87
1094.5449
388.43
101.4
463.077
484.704
41.37
26.94
828.06
521.37
762.615
437.481
255.42
146.64
104.76
69.624
32.52
342.54
322.44
267.228
219.9
67.44
131.64
131.568
85.98
136.272
50.472
690.48
425.7
469.68
117.408
206.976
38.112
79.8
64.557
2476.08
1573.92
930
482.2
371.328
350.848
779.58
244.35
156.654
78.312
110.3103
132.912
60.096
37.74
22.14
1314.45
967.552
267.84
560.655
526.45
273.552
325.8
146.6
76.068
201
100.74
78.312
43.8
56.76
23.3892
1107.2
1457.28
267.3
46.5
1532.1
228.48
283.8
9.54
360.24
612.84
362.352
1202.94
630.15
267.36
29.12
88.2
18.912
786.618
192.618
169.8
258.24
47.19
49.44
37.86
1603.136
2760.345
1838.52
1024.716
1545.0825
447.84
330.12
186.54
141.44
166.71
190.88
180.6
540.54
23.4
64.08
255.42
588.36
880.416
155.43
170.73
64.96
62.028
7.536
603.92
1100.52
1022.04
94.02
173.34
87.54
224.01
45.45
117.46
44.046
78.12
691.1163
375.6069
435.294
222.021
265.824
24.288
71.38
18.84
1091.25
747.558
467.289
424.9575
454.965
308.7
47.61
116.937
50.52
63.84
25.344
826.56
390.08
1451.5
419.136
158.22
49.104
28.035
9.24
2470.5
747.36
2190.72
1238.688
1285.47
381.76
590.22
171.5
101.208
1362.72
156.88
111.312
1564.56
2189.0898
709.56
877.02
402.084
266.22
329.712
356.85
170.92
48.912
38.16
17.3886
199.9
446.068
283.92
336.6
375.4575
185.52
206.82
170.98
149.898
329.94
168.96
194.528
99.792
100.5
38.97
60.264
2899.89
3406.664
417.42
595.38
314.784
313.176
676.485
2679.12
616.815
1758
656.46
828.6
126.3
521.22
135.3
257.94
240.336
436.4
205.7286
45.72
13.158
27.46
767.214
1587.168
278.6652
312.12
487.88
182.352
52.98
251.0676
230.28
25.29
65.8314
32.952
1548.99
415.287
428.274
470.88
212.058
129.696
158.208
532.3992
131.104
53.352
471.18
400.848
583.872
902.712
976.56
270.72
212.94
165.312
137.16
146.352
141.57
17.58
9.528
829.22
842.32
175.26
121.188
533.2212
228.48
44.01
41.3034
333
4297.644
266.22
164.46
31.76
2465.82
695.76
459.39
365.22
197.1
22.17
2171.16
977.022
759.06
506.88
335.64
336.6
217.89
241.6008
60.696
31.76
401.28
139.944
389.696
135.432
161.568
200.64
110.1
545.4
486.09
415.44
146.56
179.352
62.1
1184.72
100.5
143.4
330.588
188.76
1859.13
82.8258
364.74
292.176
97.656
39.92
20.24
1011.696
1023.332
600.558
292.1
211.246
599.28
154.624
144.1458
147.84
15.008
108.912
87.3
85.536
428.28
160.692
1232.28
1845.72
825.36
990.36
355.968
98.016
356.562
439.344
220.2656
412.896
84.84
139.58
470.9799
585.456
570.9
1467.36
824.28
990.432
332.28
3504.9
1726.335
747.054
199.392
204.93
537.6
50.4
20.16
25.176
5.584
1395
1877.16
477.3
454.5
475.86
114.78
35
42.58
1228.465
662.832
401.088
272.79
319.2
246.9
78.99
66.36
19.152
822.852
621.76
725.7
482.94
403.866
189.522
539.658
448.38
192.2382
164.46
119.472
31.716
63.04
34.2
31.92
40.26
205.8
879
126.3
191.646
52.857
1312.64
623.16
129.888
73.65
414.03
32.208
915.1155
465.156
194.848
142.83
98.88
91.032
23.88
14.89
1582.2
929.34
991.92
194.58
307.666
1227.717
185.265
103.481
107.1
4.16
911.04
618.084
347.2875
244.615
354.32
215.64
195.72
2761.2
1488.424
490.32
211.3
230.28
212.4
260.76
259.248
120.576
198.46
56.58
73.28
2325.28
506.38
235.24
186.93
337.088
41.568
106.296
44.34
1971.675
2280.4
978.48
379.314
288
267.57
97.3674
289.32
535.782
106.1775
25.4
33.232
762.075
449.496
624.24
956.6648
37.8
66.636
20.148
149.544
2898.21
869.76
40.26
2301
616.998
434.4
217.89
168.03
33.11
24.1
3728.43
427.644
290.98
40.2
50.24
642.6336
429.92
556.665
266.72
566
1038.339
189.576
96.48
177.664
63.39
561
42.84
58.02
397.6
880.32
871.182
413.775
328.266
77.52
411.332
109.95
179.334
33.44
2891.7
1422.72
606.933
322.59
243.168
251.296
100.92
221.568
151.96
71.12
142.848
68.16
13.185
12.132
3063.27
1850.46
1391.76
677.76
3232.845
488.16
1818.84
825.36
450.16
513.52
504
286.74
328.608
331.023
274.8
178.56
59.82
434.64
25.2
31.56
23.4
2455.677
1832.607
1459.68
561.87
388.872
86.382
224.8911
225.18
312.012
163.32
114.87
87.9504
90.558
88.032
46.94
149.931
240.6591
265.74
69.144
85.212
18.84
55.14
1236.42
1314.45
195.72
276.912
479.196
138.456
109.89
25.23
47.28
7.536
1652.4
582
844.2
291
561.5379
291.56
121.59
144.68
94.704
63.04
456.192
845.488
230.796
432.288
235.3812
41.352
54.82
116.04
108.66
492.624
369.468
587.28
214.2
497.7
642.06
504.09
515.61
217.32
1864.215
1028.16
330.27
212.16
36.459
62.316
37.74
19.05
49.842
17.334
15.96
184.752
890.841
170.43
391.86
220.08
170.04
1166.92
744
457.95
135.552
160.416
136.584
287.94
19.92
3808.8
1815.24
685.8
545.652
919.05
122.52
412.2
267.36
181.248
43.86
158.556
21.56
26.48
561.584
834.432
51.96
17.46
1057.8
319.2
226.4022
40.14
35.94
41.568
30.344
794.736
94.38
89.248
106.542
36.9234
33.912
473.84
317.058
41.568
1697.25
454.48
261.24
390.272
264.9384
193.158
66.88
1399.113
429.48
301.96
247.44
184.437
106.869
149.58
115.96
190.296
27.46
30.276
58.4
3312.24
250.2732
87.3372
461.104
1085.553
769.44
177.48
248.22
175.92
117.882
292.95
84.8625
152.766
76.92
33.264
20.232
20.104
1691.235
121.96
325.8
1391.76
470.48
116.22
132.048
164.46
42.06
837
177.45
302.72
146.736
24.7
576
155.052
2301.138
174.6
174.0585
86.52
822.852
876.3
316.44
373.23
415.2
263.655
44.752
43.8
1269.912
583.308
551.872
434.04
186.948
169.44
176.508
173.79
156.3728
50.412
1216.53
2320.64
871.98
1137.75
986.37
851.7
450.912
214.14
146.34
114.78
125.34
89.04
2348.82
409.272
854.49
667.08
117.36
230.48
204.6
66.684
67.176
6.16
168.81
874.962
1059.237
735.408
332.16
152.1
94.5
135.09
110.784
36.6168
103.5
78.192
54.44
32.776
9.24
750.195
747.054
544.725
1169.36
338.4
276.8
164.133
200.64
200.544
756.8
660.312
349.944
528.24
165.048
96.9
63.968
97.56
40.368
47.952
60.288
57.864
50.7
77.6
50.46
528.009
618.56
341.46
646.38
567.42
234.36
666.72
200.44
131.4876
180.12
127.413
77.952
178.3098
53.91
438.96
243.808
248.688
1447.44
1106.91
782.28
301.96
249.885
284.4
49.98
96.84
34.64
73.944
2478.6
753.888
347.802
232.686
342.09
205.8
100.02
106.65
47.88
182.67
47.01
2065.32
1049.2
1007.232
738.288
516.488
355.38
103.2
20.9
2429.44
353.16
457.84
182.08
273.12
70.56
38.976
139.296
87.3372
24.9
31.68
8.736
1461.135
516
687.48
400.95
1612.872
918.96
340.704
525.72
354.861
440.67
189.36
113.372
117.74
112.158
198.09
90.848
601.32
103.86
34.92
172.212
18.99
78.8528
7.968
7.4
2.96
161.892
227.36
49.104
10.26
435.168
626.1
249.72
207.6
48.58
188.76
166.48
90.9726
2301
362.85
174.6
80.256
14.91
729.135
127.302
165.88
695.88
226.125
205.666
42.795
15.6
6.651
366.744
1177.173
414
844.116
299.975
182.088
96.42
69.804
52.236
44.496
1242.54
657.396
398.88
213.115
31.4
24.3
9.48
1068.768
3217.41
780.3
85.02
1048.35
468.6381
276.885
148.014
132.912
87.08
2228.6355
355.455
489.12
231.936
341.088
51.354
535.782
129.033
267.36
44.76
396.252
219.456
457.2
65.424
22.788
6.24
533.1588
566.787
75.87
176.49
54.18
53.408
1229.904
522.48
340.38
126.4
2583.18
188.04
106.2
307.314
514.548
409.9992
469.12
1227.717
422.928
216.3294
59.28
638.82
286.32
143.4
148.17
51.6
33.468
21.096
25.16
133.56
22.428
1367.84
195.78
885.168
243.06
401.76
238.464
156.744
146.61
155.88
5.28
142.592
19.992
12.771
1363.905
761.6
297.84
705.72
301.5
302.67
438.56
522.48
245.94
231.92
115.96
47.01
1782.48
500.576
415.2
222.36
103.2
115.032
75.96
18.99
2794.2525
973.12
845.856
435.45
241.92
373.896
163.88
239.166
177.888
729.54
1151.22
612.981
1661.049
148.02
156.1032
47.4
939.84
393.48
142.152
443.43
169.236
251.73
113.52
37.887
15.24
6.984
1320.624
538.488
1289.5659
2142
1420.8
388.608
183.789
598.995
682.584
408.42
210.6
131.84
47.88
168.3
135.168
131.456
129.114
923.76
257.004
494.532
217.2
344.22
500.992
146.82
385.077
194.544
232.68
387.09
200.44
72.784
35.7075
63.686
473.04
63.192
21.248
86.52
58.17
51.75
820.44
342.54
43.65
83.16
15.488
939.36
182.376
967.98
176.6
111.88
102.9
243.06
97.56
97.26
67
96.064
47.34
654.102
435.357
179.46
164.46
164.724
74.97
103.8
33.6
688.743
87.03
40.677
2051.1
335.744
540.36
508.38
681.408
350.244
207.144
132.87
146.7
155.7
80.96
17.088
504.9
201.24
242.176
254.16
359.1
49.98
20.07
263.136
390.368
227.61
95.28
101.52
743.25
523.764
298.68
455.868
1635.255
1564.56
754.45
732.78
647.872
73.536
50.58
70.56
42.08
1094.22
1830.78
1207.84
433.98
387.261
271.7631
370.926
484.029
588.0225
300.98
255.285
166.12
232.4133
217.2
129.033
101.12
247.59
84.84
68.46
68.31
258.75
393.568
18.396
1917.24
435.99
333.9
373.896
53.34
1461.2895
244.56
149.526
107.07
30.24
316.44
654.804
419.136
257.952
217.89
120.784
136.344
46.872
69.375
34.58
2624.04
824.22
1125.488
140.952
223.074
110.28
40.008
274.8
22.38
2953.584
745.686
743.25
483.66
920.4
347.88
291.78
40.527
69.624
47.7
50.4
94.2
50.46
539.472
336.45
67.28
69.84
85.02
2131.245
1406.86
2567.84
555.138
298.68
299.1
51.56
22.2
8.28
1455.12
2436.672
2275.5
920.4
552.24
801.568
200.544
167.84
133.696
17.46
47.4
59.328
1001.7
296.34
145.896
339.12
204.6664
212.355
241.96
13.592
8.01
85.14
82.8258
1090.782
115.96
326.3
130.52
277.6
132.72
111.04
61.62
200.544
125.1
59.19
148.92
84.48
876.3
100.56
157.968
62.496
61.32
51.102
768.144
483.552
71.4378
169.092
374.856
1552.831
1639.872
176.148
97.038
499.44
138.753
22.17
95.472
17.55
786.744
298.62
249.264
66.684
47.04
12.624
1604.9
1421.664
993.06
385.686
247.98
146.352
129.12
67
14.76
17.67
425.833
323.136
747.36
84.12
92.205
73.656
2634.552
1142.064
301.896
332.32
313.92
103.122
215.856
286.32
65.92
30.15
86.416
81.48
492.912
614.272
959.104
484.176
676.9728
371.07
660.312
251.006
97.568
272.28
201.24
280.7361
86.895
199.98
33.94
16.192
35.1
106.02
50.4
71.992
36.76
7.168
9.64
1573.488
674.244
605.88
506.04
341.96
468.18
63.2
52.332
625.644
273.564
385.92
154.368
200.34
14.76
706.158
170.786
499.44
179.9658
143.37
171.36
40.14
23.532
10.08
1091.2806
1048.7313
292.7592
333.9
323.136
78.12
245.16
173.76
43.8
364.59
253.02
313.92
121.58
656.532
784.8
34.92
64.812
66.112
248.688
112.16
424.71
646.8
246.12
180.12
15.417
706.32
736.5
797.04
157.815
475.2486
456.96
108.2736
13.185
249.72
2106.496
283.8
270.144
725.344
3720
94.3
268.812
200.64
212.976
452.94
309.8844
477.3
111.6
149.58
212.592
284.4
155.25
240.16
2953.584
97.424
97.568
460.971
551.04
145.836
822.42
165.42
918
269.97
9.82
836.592
723.72
586.764
826.56
132.912
434.04
114.28
225.296
121.05
1971.675
20.9
1455.12
79.11
11.376
2058
73.782
546.944
475.328
676.9728
333.42
117.6
235.116
492.912
505.2
526.45
550.128
435.99
177.16
16.824
3637.602
168.48
77.526
607.824
51.6
253.692
741.852
41.96
128.484
185.58
95.28
52.98
463.563
826.56
22.608
219.9
321.568
113.46
84.272
248.22
132.912
469.84
516.132
179.9658
40.152
120.08
1217.58
122.352
796.48
147.568
310.5
767.214
1314.45
499.44
614.272
232.62
396.92
274.8
25.14
1375.8456
385.077
170.43
825.174
332.832
15.92
24.27
725.7
1053.405
84.768
143.16
265.74
296.34
7.584
9.528
267.36
405.1
899.43
401.646
1098.96
451.1295
228.744
98.88
141.42
141.192
16.8
394.2
76.368
45.84
189.36
69.12
618.56
560.52
67.28
230.28
217.02
414.27
478.48
91.71
362.4
129.12
45.72
267.36
64.557
48.45
100.5
1488.424
103.2
102.78
1117.701
221.2
243.747
476.361
485.1288
276.885
319.984
276.18
319.77
238.56
89.1
2398.374
1245.861
25.344
534.18
124.92
217.2
84.48
313.248
540.54
187.839
100.32
956.6648
1653.804
42.408
100.92
17.58
40.008
266.688
194.848
444.42
94.5
904.65
2036.86
321.9426
34.182
623.592
220.92
183.136
147.712
496
114.24
25.2
168.237
485.024
247.296
59.82
20.13
22.512
245.916
55.14
5759.964
2060.7
104.784
293.22
680.76
289.32
200.76
210.288
356.85
387.099
163.65
217.89
241.568
546.3612
122.432
235.24
73.65
74.2
37.8
201.08
19.54
231.084
435.999
76.896
58.536
572.16
13.293
100.92
227.36
32.208
47.82
17.088
165.88
37.011
1228.465
1731.072
71.12
618.24
572.76
337.176
238.448
333.234
74.49
132.048
145.836
332.28
187.92
272.673
375.84
94.8
370.53
46.384
43.884
9.64
1008.063
312.012
461.484
238.448
25.23
853.93
226.4
67.36
110.28
163.68
724.8
80.991
1369.2
318.888
229.56
125.1
43.44
2194.53
77.52
628.24
70.98
342.09
2842.83
341.577
914.28
2761.2
191.61
42.42
624.736
106.02
209.175
1274.24
877.92
48.42
123.93
230.28
544.725
121.376
69.336
296.34
1399.113
731.94
829.22
84.48
51.072
16.8
854.94
113.46
100.92
100.62
195.72
14.56
175.8
290.826
131.568
119.64
12.42
47.992
153.568
143.37
8.792
677.4
2134.44
547.128
231.084
371.3364
507.6
37.93
108.66
113.28
740.85
31.776
14
823.5801
43.2087
207.846
45.36
842.72
503.82
676.9728
6.696
719.9874
109.98
193.0656
26.43
1752.6
137.136
426.36
19.056
148.17
1252.704
163.65
1421.52
225.08
138.096
508.38
911.04
523.908
53.316
322.8
155.7
257.499
179.442
561.5379
359.058
43.86
232.5
341.577
500.7
20.148
1358.28
271.3554
55.0128
62.3712
274.32
239.666
60.312
52.983
880.32
607.36
90.5877
15.92
465
508.68
31.14
31.92
23.56
21.36
404.73
15.87
2186.7
481.176
59.99
854.784
826.56
3.984
414.27
2619
947.22
321.636
153.568
89.0664
42.384
275.4
351.216
257.499
1272.63
117.84
114.34
200.544
585.552
364.32
881.685
479.196
112.54
